0,0,0,0,0,0,0,0,0,0,0,0,0,0,0,0,0,0,0,0,0,0,0,0,0,0,0,0,0,0,0,0,0,0,0,0,0,0,0,0,0,0,0,0,0,0,0,0,0,0,0,0,0,0,0,0,0,0,0,0,0,0,0,0,0,0,0,0,0,0,0,0,0,0,0,0,0,0,0,0,0,0,0,0,0,0,0,0,0,0,0,0,0,0,0,0,0,0,0,0,0,0,0,0,0,0,0,0,0,0,0,0,0,0,0,0,0,0,0,0,0,0,0,0,0,0,0,0,0,0,0,0,0,0,0,0,0,0,0,0,0,0,0,0,0,0,0,0,0,0,0,0,0,0,0,0,0,0,0,0,0,0,0,0,0,0,0,0,0,0,0,0,0,0,0,0,0,0,0,0,0,0,0,0,0,0,0,0,0,0,0,0,0,0,0,0,0,0,0,0,0,0,0,0,0,0,0,0,0,0,0,0,0,0,0,0,0,0,0,0,0,0,0,0,0,0,0,0,0,0,0,0,0,0,0,0,0,0,0,0,0,0,0,0,0,0,0,0,0,0,0,0,0,0,0,0,0,0,0,0,0,0,0,0,0,0,0,0,0,0,0,0,0,0,0,0,0,0,0,0,0,0,0,0,0,0,0,0,0,0,0,0,0,0,0,0,0,0,0,0,0,0,0,0,0,0,0,0,0,0,0,0,0,0,0,0,0,0,0,0,0,0,0,0,0,0,0,0,0,0,0,0,0,0,0,0,0,0,0,0,0,0,0,0,0,0,0,0,0,0,0,0,0,0,0,0,0,0,0,0,0,0,0,0,0,0,0,0,0,0,0,0,0,0,0,0,0,0,0,0,0,0,0,0,0,0,0,0,0,0,0,0,0,0,0,0,0,0,0,0,0,0,0,0,0,0,0,0,0,0,0,0,0,0,0,0,0,0,0,0,0,0,0,0,0,0,0,0,0,0,0,0,0,0,0,0,0,0,0,0,0,0,0,0,0,0,0,0,0,0,0,0,0,0,0,0,0,0,0,0,0,0,0,0,0,0,0,0,0,0,0,0,0,0,0,0,0,0,0,0,0,0,0,0,0,0,0,0,0,0,0,0,0,0,0,0,0,0,0,0,0,0,0,0,0,0,0,0,0,0,0,0,0,0,0,0,0,0,0,0,0,0,0,0,0,0,0,0,0,0,0,0,0,0,0,0,0,0,0,0,0,0,0,0,0,0,0,0,0,0,0,0,0,0,0,0,0,0,0,0,0,0,0,0,0,0,0,0,0,0,0,0,0,0,0,0,0,0,0,0,0,0,0,0,0,0,0,0,0,0,0,0,0,0,0,0,0,0,0,0,0,0,0,0,0,0,0,0,0,0,0,0,0,0,0,0,0,0,0,0,0,0,0,0,0,0,0,0,0,0,0,0,0,0,0,0,0,0,0,0,0,0,0,0,0,0,0,0,0,0,0,0,0,0,0,0,0,0,0,0,0,0,0,0,0,0,0,0,0,0,0,0,0,0,0,0,0,0,0,0,0,0,0,0,0,0,0,0,0,0,0,0,0,0,0,0,0,0,0,0,0,0,0,0,0,0,0,0,0,0,0,0,0,0,0,0,0,0,0,0,0,0,0,0,0,0,0,0,0,0,0,0,0,0,0,0,0,0,0,0,0,0,0,0,0,0,0,0,0,0,0,0,0,0,0,0,0,0,0,0,0,0,0,0,0,0,0,0,0,0,0,0,0,0,0,0,0,0,0,0,0,0,0,0,0,0,0,0,0,0,0,0,0,0,0,0,0,0,0,0,0,0,0,0,0,0,0,0,0,0,0,0,0,0,0,0,0,0,0,0,0,0,0,0,0,0,0,0,0,0,0,0,0,0,0,0,0,0,0,0,0,0,0,0,0,0,0,0,0,0,0,0,0,0,0,0,0,0,0,0,0,0,0,0,0,0,0,0,0,0,0,0,0,0,0,0,0,0,0,0,0,0,0,0,0,0,0,0,0,0,0,0,0,0,0,0,0,0,0,0,0,0,0,0,0,0,0,0,0,0,0,0,0,0,0,0,0,0,0,0,0,0,0,0,0,0,0,0,0,0,0,0,0,0,0,0,0,0,0,0,0,0,0,0,0,0,0,0,0,0,0,0,0,0,0,0,0,0,0,0,0,0,0,0,0,0,0,0,0,0,0,0,0,0,0,0,0,0,0,0,0,0,0,0,0,0,0,0,0,0,0,0,0,0,0,0,0,0,0,0
-0.513713046226878,0.35757495925899146,-0.5860881547908239,-2.391398488674888,-1.4042270363709686,0.5114655245312196,-0.09456702267223487,-0.6194150106325321,0.11653255284033344,0.7696355889885982,-1.9841062600244717,0.12026714494039545,-0.7288773989034688,0.6758189508331882,1.8603522001012522,-0.6288051958900782,1.9194337744254935,-1.6980130743575361,0.5999469539195961,-0.11795622397513439,-0.28527499698820963,-0.47647716372505744,-0.017323008998321465,-0.45673800980057483,-0.851965076568153,-0.4832715969085487,-1.3010478392501785,-0.9960965354944467,-1.1471995667917585,1.675965813831558,-0.8197888160587198,-0.2160682061652818,-1.5331860678814089,-0.7189801328875268,-0.3670126565367942,1.3031509400211934,1.4713208613631,-0.033139199878916004,1.1065437158530826,0.03372987265969251,-1.5550896603115858,0.16449933970169112,0.34406082283985,0.17950573736274164,0.09232541462302019,-0.010417932336789509,-1.118701430983993,-0.05073069815169511,-0.3204178698347512,0.5174028513340422,1.0363166540705808,-1.5721060628289123,0.9422943274464541,0.7656898610689992,1.0830335338693249,0.7132273528551375,-1.1577140441454898,0.3908870677459302,-1.3202996595605694,-0.9968951549728287,0.05716165643753876,-0.14415190658457652,-0.06663596619953116,-1.70135355216737,0.10341894177458896,0.8231609320067839,-1.1480897750452637,-1.0370048124943365,1.0618096226186162,-0.47444059368682007,0.9236956506162105,-0.7250672768608549,-0.40079614933892177,-1.5436590095297675,0.30353196391003257,1.3099293684176354,1.0602236608591669,0.00556195141149901,1.2381422243815314,-0.802827899103053,-1.4537100994100243,-1.0434226593791431,0.2542869920029638,0.085685927499219,0.4717417855513497,0.22342006323373784,-0.29287163813079486,-1.2287882898352938,1.1695240828624889,3.905438924532784,-0.7864862821905678,-1.033520157723137,-1.6918651094198633,-1.0600549589337256,0.14690235630106008,1.009111028409922,0.2605305661825194,1.5366185799225456,0.05749398233312081,-0.48394148871159526,-0.9613923305047883,1.3094150768132304,-1.8403175625017116,1.9533687882691413,0.19103892944525405,-0.6688118468416433,1.820236814540781,0.7964190604877955,-0.8426349847324942,-0.9741251751004448,-1.2796531456394875,-0.20386540787129775,0.9646775200444678,0.04188183665794473,-0.2716898521264181,-1.2382730962154451,-0.36113960888726604,0.24221303075580553,0.30166103552580825,0.6601076715262835,-1.315383477008475,1.791390418857146,0.8703734856673174,-1.1761316731199079,0.2235728823835528,1.2232005310523735,0.3138054066292051,-0.9288143943245878,-0.18897461309503324,0.36108985335859894,-0.866993448377732,0.6880682238884015,-0.597446896390893,-1.727653097284255,0.3313344679317016,2.256651270938141,0.346218895851296,-1.2621811853508889,-1.8342854860892628,-0.33231184283690857,1.7361778123851632,-0.9880089831916199,-1.0483559032068845,-0.9369035351144976,0.5834563471840917,0.6825757441046624,-0.2326469501076069,-1.367612531915542,-0.6978528324865754,0.6555393061454616,-0.5385440025885383,-0.9467742823978571,-0.6218324565957825,-0.8816492452964851,1.407314049780784,0.12152068504896274,1.3935018093525449,1.5020873379452464,-0.8863924836476211,-0.33367293527520336,1.177195509768617,-1.4191254269025226,1.2015551632211736,0.5358401454912639,-0.2639399282267174,-1.1016869688026094,0.14065513565767168,-0.9997733663634863,0.3018704408985715,-1.2217077017657443,0.9431107463068382,0.44805125907723387,-1.689531482174997,-0.5153717804217978,-2.055145906727649,0.49131233252252826,-1.0999725603328427,-1.3312163490892381,-0.8419586131397909,-0.6060976714243413,0.8892784682381921,-1.164938450813155,0.8580505072982302,-0.31696294404017117,-0.1312010881814919,-0.46911760106507133,0.9211393600227701,-0.9404149867668947,-0.6916063858416461,0.6487820682211657,-0.2276508523548625,-1.041009262784587,-1.2556369669289804,-0.7737863411972754,-0.5261776666151864,0.255623999330436,0.6413907861737489,-0.33840887513274803,-1.8898736005685222,0.5544667440781506,1.4210265917505898,1.3760536941999533,0.2991855372142454,0.5470496297489968,1.063241813064603,0.4914881106147918,0.07997057273359842,0.004383179304300419,-0.8263848797508401,-0.40472949343638454,0.6131917744845714,0.7354251735964021,-1.4540334033077993,-0.33877225140865186,0.5161575913731327,-0.32091825457874135,1.2034418005144838,-0.21083346419997823,-0.06678502437180063,-1.020557010056879,0.28820326728174156,-0.392576137404443,0.32411853547684316,0.3872823432765413,1.4820763615914896,-0.8209843369737234,0.4956046698112974,0.7510217627508764,0.8959605304196975,1.0656349183005374,0.8962405689043277,-1.120096661837816,1.4020847755304873,-0.41649959113124424,0.6514891725590606,0.043415907825413186,-0.3378758038446026,-1.2316245003940383,-0.5241652745189156,1.2847119154855375,-0.07312550924061127,-0.8499618870818173,-0.8997287216330007,1.3185173002093853,-0.7887614631947835,-0.7069446428069178,-1.0505824272702795,1.661553881869268,-0.42310892017823654,-1.455018147258001,2.083575891833611,-1.2830564422413007,-1.4612251369193165,0.29523995700353933,-0.29314837358401963,-0.5523656268589745,-0.4210266182894978,-1.0550815203090649,0.5144138872606496,0.9649785162529153,0.08882827007445813,-1.3657941216293379,-0.028928908843321666,-0.3891671000825601,0.6138433883477531,-0.508655169901961,0.3080583326954422,0.07326787215605828,-0.1344955180437117,0.22517186479821946,-0.05925651903204906,0.0703428794830703,-1.272367758007231,0.6610871741201656,0.668345991091192,1.3952912348852833,-1.0938766428515945,-2.1283045596560295,0.5044305890298403,0.41322451036443125,-1.2024618278082737,-0.07343682567158613,-1.9557547241686954,-0.044115871613045775,-1.2874518203995933,-0.47771302346842237,-0.9134471510830521,-0.8436017333783835,-0.016333142020286684,1.105580036101592,0.326653092973399,-0.14254637104617932,1.6224717950860719,0.6365485974665066,-0.40572795749154306,0.11893275628881904,0.3036911082674844,-0.9807267259553317,0.5703013068887558,-0.013499397260036086,-0.7608246076693371,-1.9870153149714496,0.4454664398282555,0.40086644232485624,-0.5413705764448751,-0.2649314397283888,-0.7782635724682371,1.8076327801519956,-1.5240262059924456,-0.09116837768979072,0.2526344410526081,-0.8443596366121952,-0.36851612634258196,0.014512843388789831,-0.45835965674623785,1.0130481129124822,-0.9170224161759423,-0.4988594388992357,0.1164989637030562,2.277974445584806,2.3213464540008464,-1.0504453582020592,-1.2263678602432975,-1.5634856764339942,-0.66671680005753,1.177468213778516,1.036869294634681,-0.8388033791716056,-0.947827481727077,-0.07797338977598149,0.22511191880906228,-0.4326208828785283,-0.7079363304955542,-0.3212326377121432,1.5042724726202978,-0.28075271002336405,0.0904709616669342,1.7210693881578374,0.8688376923798891,1.0971021865786381,0.5099730086452587,1.2059925992634257,-0.08835202009107382,-1.363291710771657,-1.5719608305576047,2.0919507666473502,-0.27173171164254234,-1.1114741348682053,0.37013261181275453,-0.879944585625229,0.30703703763287904,-0.21553349022692306,-0.1919541924270126,0.38902597873973227,-1.3916640396483408,-0.13079047095069324,-0.27691651585141175,-0.3567738694365231,-0.05192458510184045,-1.3718769259492618,1.5503308355847496,0.2722182959623346,0.5164429734043959,-0.08871429289769191,-0.47632505296997835,0.756558001958424,-0.5839855047891895,1.6626414489113759,0.9619162526911698,0.1557709283518634,-0.2122737122450523,-0.5827165198543366,-1.0036591834454502,-0.21318950272874168,-3.0397812901287713,-0.041690231081279616,0.5177136819016888,-0.28768252397503674,0.4389256770248923,-0.5265345276528561,0.32457872096781226,0.472638810991254,1.9484122795662522,-1.355345837139485,-0.2698420333841986,-1.469484771044103,-0.02878901915618124,-0.1210956100786958,0.948897372133233,-0.664308866461841,-1.9706895163794658,0.016436492571472772,0.3873337960057136,-1.9552337161240743,1.6483097287775472,-1.3412286401789228,-0.6135519245281145,-0.2020863101667288,-0.23384845923516565,-1.4745141006269225,-2.2441111069376483,-1.699416855257576,0.8107690213875881,0.3999715059731646,1.215344069815522,0.38005006892575405,-0.7479902381363359,0.5472771915441466,1.496129398134288,0.2609323270962908,0.5103253654155684,-1.678625428673786,-0.8327529243103675,0.4967973308219832,1.000061581658425,1.2758214625795223,0.1938685941273783,-0.2919191026803176,1.0114094403762068,0.9403103979050368,-0.11997932587800099,-0.6258920748728222,-1.6178844618592148,2.0145766797213236,2.1161411119524622,0.6289250854179278,1.2831960715369628,-0.052465711106730664,0.09306524411514568,0.0483913350488856,-0.8146375274351227,0.01765832146423412,-1.8290331582825554,-0.5261551243627616,0.33950109428386605,-0.902369785183122,1.8865573598403116,-1.3276384228875624,0.3213595168750143,0.7653023755064765,-1.4344751105158706,1.4217608898329763,0.7925973753355664,0.22046895247406917,0.3080178940640447,-0.6506620064898437,-0.46740721158071147,0.289828571303709,2.1131958485863267,-1.102380824536799,-0.04622791195200595,-0.4440950343461236,-0.4291812848673444,-1.21079273699622,-0.04706060104544781,0.2733449444615635,-1.9674789977328317,2.751509723262366,0.38183221630367736,-1.0636590490427877,1.9394841976506911,-0.46600190072644476,0.8031075080282236,0.5620570766834485,-0.2819899491667327,0.8711444752125438,0.25170390536716447,0.19978549519984712,1.388770057520243,-0.6886740831265371,0.045488023486701765,-0.07637703299305429,-0.17902822944140584,1.1529106634051844,0.9800658470978202,0.3470955833234628,0.20445514977363,2.7295030666551336,-0.1758387183350994,-0.23104833887116036,-0.3917183242783103,-1.1191369513458818,1.005508459986944,1.5241782049275496,1.745605457820826,-0.10424981594516601,0.5777520433967803,0.8812201087429548,1.0583341684428609,-0.4942552698195532,-1.912566644462678,-0.7832460795692388,0.8010861146107542,-1.4427719691240986,1.1533089805388692,1.2138226076687524,0.493674892194625,-1.448276746752817,0.04964132138019251,-0.45277963043247194,-0.4094027278104178,-1.941960715620737,-1.1397856213009663,-0.7224493715594787,0.6248197276043441,1.3819147660596955,1.1729800292086716,1.3201237271755808,0.9787979750078111,1.6182548283000782,-1.0069049811551183,0.034501883030041175,1.273488510658227,-0.8887756773559568,0.11968054099505929,-1.4808788653118443,-0.2832462403895374,0.5085080562397075,0.5574993664289921,1.0551968196764625,-1.0006981130096417,-0.39269803137519865,1.5052981984029798,1.1647856308371554,-0.030310613358993346,-1.2256529355707373,1.322280283420826,-0.21914934152455734,0.42190538843038494,3.320585917488042,0.28903404844128616,0.4294641624729639,-0.16185466767528608,0.0019622506691311364,1.4421601309185172,1.0576311123556725,-2.437518641576861,-0.03137687376817648,0.13683484670319712,-0.00289859713756282,-0.3532220372245011,0.48482596348495655,0.5104131641211695,-1.0335685073815988,0.6069565834392816,0.009987088001692629,-0.09106178189066344,-0.9929254715408653,0.16757727035495948,0.18892932441877133,2.0920365176297993,0.5864848835419495,0.3211776762406211,0.06823537962640791,-0.9930182187726608,0.41197827641885365,-1.099160929669859,-0.30756712718779444,-0.08131357205234617,1.148163246897654,-0.5945308940424756,1.6241215598492884,0.42033261287759427,-1.4411025084324172,-1.039465469670938,-0.582814388944496,-0.3961983994280037,-0.004887581006462794,-0.7190464224089089,0.2084713763766547,0.9504505782092163,0.8201771864004137,-0.09812389298006782,-0.4710787018732884,-0.04568542170533517,0.3876732224513499,-0.365497523385963,-1.2060512589629901,-0.4493409794402198,0.22972667095213953,1.411986075722375,0.480279007232753,-0.7745271792703949,-0.2999328546824397,-0.2741551965492323,2.3791226219117494,0.10381599798509043,0.45429714498289164,-0.06567987254295307,-1.9286243607694398,2.3269872987450193,-0.5194677653957991,-0.29698820729956615,-0.8711798484770196,0.5074700394628457,0.4594581852423352,1.0057306249710154,0.8062920609394606,0.17515648449738336,-0.03792526828901064,-0.24906916345167418,0.722315324444942,-0.3972988547956368,-1.2772009488004543,0.6837935929510336,-0.8057065376551797,0.9304716046069255,-0.50871574084498,-0.5163758910849284,1.6237495930261066,0.4522963580567273,-0.08886111691039499,-0.3457899495156734,0.11274260501401999,0.6413614475446272,1.125111839843227,-0.12223242376823072,-2.0241958434262264,0.5235581098049297,0.8808130715863661,0.0862964029573479,0.4962688765971923,-0.5147725565290594,-0.9750958733185369,0.058370914606638326,-0.12575207827999219,-0.8313875936921992,1.4847626871580495,0.3077723015937824,0.26009997658706085,1.1974955951182455,-1.5035261144413719,0.8539811230920649,-0.39546458167265514,-0.018689853326353124,-0.9517782948826725,0.2275507642061689,-0.177246820842884,1.1812482282499766,-1.035404087521709,-1.8812089454352119,0.9395263776219623,-0.27897321353382293,0.9344157307259282,1.6411910866713997,-0.12873254358438677,-0.5559996329776797,-0.6277670203422667,-2.913389214757415,0.31998798445924503,0.8223564033010485,-2.284422000386725,2.279665032858395,0.7826170167705732,-0.8788863236828252,-0.9265435535570169,-1.0668231125543661,-0.15484746003486102,-0.536232836287906,-0.8382761191535959,-0.1928695719821995,-1.0562173261282903,-0.4287883943679732,0.44943013583621094,0.12282028423678193,-0.024384868739273813,2.2481441642196454,0.02596011138454569,0.5437098561794077,-0.31353424041832756,0.03165222650401153,0.19410598953076239,-0.7002746258166099,-0.9197151457810214,1.3286535735919078,-0.020892433073308972,-0.400432605007243,-0.37187708183620427,-0.13628369451981287,0.26589029128645325,-0.39893626859970965,-0.15173019370474977,1.1060242677357932,0.4264410369955271,-0.5645713215857612,0.6965191858755526,0.04243895504840052,-1.2713944635431582,-0.017788524087728075,0.9729571471179735,0.1983005761564559,0.7934375297457639,-0.11630358335282265,-2.1746903082716984,-0.6014328875916647,-1.8880901307747824,0.8503905783596329,-1.437367868727051,0.09325390840985495,-0.48377348579165724,1.378667273140428,1.886498472738035,-0.5151670699390805,-0.151983837019225,0.04437042379523768,-1.4325071126937523,0.8139467892050418,0.3708332142570427,0.3793081160754637,-0.7438915941035882,-0.7788269798330225,0.3664848655465976,-0.31410798086835096,-1.5014306761318588,0.5260820128174112,0.4860872038619388,-1.1118123159890125,0.34539168292641115,1.3428089898469293,-2.289758538415818,0.7400311298688331,-0.8762594261796454,1.6729683678468614,-0.29365934497980684,-0.9919001664737522,0.9614696080013441,0.624842775773855,0.005474943917559291,-0.4761081819988027,0.309171942092816,-2.495709595624893,-0.13787017057462855,-0.5704450873211266,-1.0104174244785984,-1.7628868786066243,-0.1269766595723713,-0.5423774525327463,-0.8934865599295374,-1.2960306241935202,-0.9945804548954595,-1.133818708197125,0.7613758858088551,0.5117830471159672,0.017310084998380285,1.0679846063825464,0.11176698618579152,-1.3489308414554115,-1.6034147166725559,-0.09925516168809866,1.0927385672051193,1.7939763513690652,0.7070444547607041,-0.4298519506837883,0.30687605960189557,-1.0147208136482688,2.116479218077338,-0.2396340212713043,1.3239754114806108,1.1071594492174694,1.436457282925693,0.7649808173128927,-0.32045934808418647,-0.5948738349872131,0.5002823397723178,0.6347787284680668,0.524796759825849,-0.507727736983425,0.8543116729778443,0.47271138154167885,0.5863959705554963,0.8364166117422075,-0.7324147092985296,0.27645287187169426,-0.9600244248872968,-2.07931895032168,-2.292569499976751,-0.06494589821891075,0.9589243710405659,-0.2515775232966744,-1.0131421643186438,-0.51774639247562,-0.25872935292743104,-0.11197422275319571,1.23998079110845,0.4299736203035295,-0.28164370141342976,1.5374382849239376,1.2112826537063357,-0.050569299193611694,0.9768607883243092,0.5400489264139441,-0.10716821738053668,-0.7304312604559556,-1.4342299813740196,-1.2174665780596368,-0.5957564267089267,0.36572950697150236,-0.14198687053064402,0.7564129210473294,0.20753557724966543,0.3488616878409348,-0.1337635192764665,-1.7775910937290602,1.8671713470359643,0.705397080351497,1.3375623741792095,-0.46278020886288224,0.2922775525345874,-0.8041944788988448,-0.23220640141129878,-0.8761207077801447,0.6987784350195541,-0.003176526283747874,-0.988762049914908,-0.1934615703704519,1.0082130065320072,-0.40971856455922673,-0.3569926049093749,-0.028561004921480827,0.43349922921334544,0.9496808005292854,0.5621026800789605,0.7884348713901899,0.22901712476500488,-1.8352259619202014,-0.5747726278567203,0.7427604192118564,0.491205531391473,0.13184169897095166,2.194684467485693,-1.4068834606981018,-1.0783294835395791,-1.239062699987272,-0.2765518215457812,-1.5159378490701176,-1.0740498607771733,-0.40949850924586,-0.4485822269103161,1.2361778752561752,0.951886513131326,-0.184270890667779,1.9542564767400261,-0.4758494063739778,-0.03695356972898063,-1.5947129496751384,-0.13425268022024267,-0.9410623102717693,-0.7891214298735831,-1.4719582545546486,-0.99516725731465,-0.6211450362264097,0.708986745457023,-2.5074031826898864,-0.5054271229473263,-0.201189352035766,0.257106177423317,1.6573403913559788,-0.5181588916031821,-0.2805859722857252,-0.5668821832168794,1.9911731863020679,-0.6348043063158768,1.0138760779983516,-0.47858156639087046,1.4467012777809347,0.5706956311054661,-0.19515093741946837,1.2596215373413793,0.6385173541525174,0.1214987285220844,0.23030758228444642,-1.7595187568538855,-0.050982327937631515,-0.05572175684658063,1.304323517392463,0.008263963486403205,0.26726149983269265,-2.0311585054813857,-0.2400025336564404,-0.13079869401751765,0.05044509715925736,0.2236728455624789,1.7512972332011192,0.21546657646776124,-0.5229678811197795,-0.2398076522413479,0.36787493448080033,1.1954780015322757,-0.9313323346417484,-0.34384026548029545,-0.43994072907943355,-0.7593065329502428,-1.5724054781467482,-0.07888857910451216,1.2614460838383021,0.7347561642770829,-0.32616692063996006,0.3029126071759785,-0.8560805057428362,0.548244735403785,-1.873460677486047,-0.4027068041520095,0.4928680278452631,-1.5046460358000933,0.589451690452117,0.599390894114049,1.34731813430492,-1.5182513309545194,0.827854074044485,0.3998024094562377,-0.26593177077495994,-0.8744600878134923,0.7967009820390587,3.321450312758667,-1.8238125502073042,0.32033198378452776,-0.3352674888015273,-1.1030356841967561,-0.9914139406492705,-0.26527044023677915,-0.3356052209689693,0.03842856916397032,0.02630102667510858,-0.28221774339147015,-0.34639349270633285,-0.8167180486160931,-0.9943831103415689,0.809412034482345,0.616626707599278,0.17549541587546186,0.1057712338623237,0.8341126237078255,0.35679942722048236,0.31066910685819976,0.7048366528179948,-1.6362098877917963,0.5683138551265182,-0.26935477829852433,0.8597316801840724,-0.5491670509422467,0.893763085392611,-1.1578846439152637,-1.3806411712095235,-1.1796695125768246,-1.6215778676455697,-1.3825388581968794,-0.8972017443280444,-0.9470903582024659,-0.34142624806539096,-0.1350904392281356,-0.02416248370946604,0.5437345625530773,0.9680067326345408,0.9692832501275873,0.11071963146241313,-0.11442286320139289,0.7893568252541071,-1.6334349005267452,1.4440709730727943,-0.2551067003410112,-0.5152023149072688,0.7065708860083992,0.034078552078216105,0.5919758458050042,1.0152702266214513,1.2413498575585793,0.6721049637853302,2.539183572893131,1.2653163788247694,1.5757825110276071,0.04368402405740957,1.158793856109623,-0.568978017973554,-0.9952228759108479,0.23530419161229865,1.7725027015701522,0.2947333884937032,-1.2490545425317185,0.025833463083021705,0.734033231748542,-0.37988056684627997,-0.7028210059143982,0.39002662682858164,1.5071787487513246,-0.28536917565836545,-0.5089011543100204,-0.3847324806264086,0.23557146260927614,0.16066281359714749,1.2805952196598103,0.03290772090447701,1.155535313396499,0.8843613161511146,-1.2095279088462,0.4314242123408048,1.0572804361416799,1.6135087153848522,0.9282859218955416,1.2402381659634223,-0.7563082605079087
-1.0648671273851364,1.3560748467586858,0.034885897478225215,-2.0286564794509223,-0.1635347036192423,1.3221365310518618,0.42836451387091806,-0.7171272586210793,0.16875579425953113,0.18751359991707722,-2.0223620266723845,-0.13842281031016715,-1.0954386044020987,0.4172347050949865,0.9389407420346569,-0.676024309816416,1.993211904863577,-0.8535617803372839,0.5842095436144459,-0.8641059110380046,-0.12539810056650233,-0.7650948082071455,-0.08839944759874888,-0.357939975107225,-0.08699823138838661,-1.7369745714844702,-0.1116410144752714,-0.5211150978509371,-0.907676536313439,1.2812840216576995,-0.40309128682233003,-1.3805140451318014,-0.029329338391586735,0.34140846601818325,0.6290246850007312,2.1375740562064007,1.6485477310822363,-0.7799628173888874,1.5921408793302243,-0.20128978510610804,-1.3014978207055141,0.8010514811579018,-0.07772239924404997,-0.17266011144753757,-0.13322126922103156,0.13966559596455824,-1.3795654466492806,-0.4641638101998401,-0.012621979214080474,0.4303142990671013,1.7407088992336803,-1.5112185219982728,1.4648044744979405,1.335912147865755,1.5477298915096553,0.15676978647069575,-1.3434692685268206,-0.22329773927551716,-1.7150613921865936,-0.7196129720067256,0.1159143862283562,-0.2013263048733637,0.8007135824285948,-1.788668724398047,-0.14694504497337654,-0.26896208831442786,-0.7401142086336318,-0.4835050440134199,0.5674373634573917,-0.8756226570617771,0.15120531391532865,0.7348157717936381,-0.7804103253062638,-0.5579997017790925,-0.7484603094600532,0.6959637650831466,0.6337053496407593,-1.0121791727995881,1.1813400148260662,-0.5822758834156568,-1.418773624024286,-1.2464103018894435,0.2633281960862474,0.3194521907692301,1.695158939133874,-0.2571896694639362,-0.49652632975533756,-1.947493492633378,1.3635262134658213,2.222193519530278,0.19135897123025247,0.3422501831153058,-0.29839282496508907,0.07324648881453022,0.050365522930629285,0.6870154012669195,1.225627831632201,1.9364291727597611,-0.3892452189984215,-0.6077329509586377,-0.7598369262447209,1.0835566755663961,-0.8715309292666374,2.333230879035706,1.2832920985563026,-0.3245303396509486,1.0898477150861294,0.3524600326583255,-1.6422993798650476,-1.2101309567264655,-2.2853006537245135,-0.4771716244378152,1.0657209988219474,0.4024907775950176,0.9358846016375726,0.18948379910871924,-0.9204891892739737,0.19244717922440893,0.47137608255474434,-0.11289701100886734,-1.221854004865626,0.4745715939751907,-0.6478372654991935,-1.1371714885922575,0.5917949842626581,0.37878289771775187,0.39202020850335484,-0.8030494582128292,-1.518922537211154,0.7814148793618703,-1.018331799900222,-0.05090483577532434,-1.357870563531999,-2.5613710285848343,-0.7424007747396807,1.8189524983774983,0.8178005353563647,-2.29510267135797,-1.5424928637895148,0.7431797605783512,1.770684260194267,-0.03166189134603007,-0.7621798953320662,-0.20738590510085295,-0.5248259304179876,0.374964028909627,-0.7140025337528705,-0.7207030062527058,-0.7019889239476869,-0.14570702338065702,0.2401855273524489,0.12209043764782791,-0.9825977767260053,-0.8600178136734256,-0.006302345404057142,-0.14883331203751052,0.1614874408120359,0.18132829271824097,0.16468250079671753,0.14606024032292206,0.7672567983714688,-0.5712582013785718,0.2086459636916652,0.6994006712569966,-0.7073233057754817,-1.109375805376222,-0.6371556657091475,-1.0025227906842498,-1.5261783305544088,-1.3731832102390185,0.473840597703203,0.29998229399401305,-0.1826047336630676,-0.20197778864370747,-2.313183324657416,0.5081593798785579,-1.026054604532869,-0.3181984090810646,-0.2964578921571182,-0.1605268666795452,1.3320037125503188,-0.6567115308114797,0.2366495013811203,0.9275949584559207,-0.6642925738728132,0.3621288433789716,-0.05690348956567168,-0.9386657241344973,-0.23028602634397355,-1.0398265872284391,-1.3655173247830312,-0.44364453046158087,-1.1891039638454477,0.8215104773907702,-0.6866788649224478,-0.13184097506615125,-1.2834211116489391,-0.18798549277198845,-1.2190345305657397,0.5116209430873694,2.007009362361049,-0.4666123934496457,1.176624650582216,0.9902766543549558,0.5107746749355091,0.28172116439389533,0.3305131247952773,-0.7152041540980663,-0.7618890300070981,0.4667265818006875,0.8334269467354257,1.2882534755055812,-0.8565343132994954,0.19845058449955025,1.6108198468091168,-0.7069544952563623,-0.30350807693901366,0.1882782421330888,0.28453692230832994,-0.2538715473608634,1.0994297231429988,-0.6608512086107189,0.2939755508053777,0.6200901876601933,0.21148767495460363,-0.9295473254169551,0.18993066354089572,0.1616364927448397,0.6601084136944247,1.172374587035772,-0.18233888263906595,0.07614813221941921,-0.5778995372985928,-1.7414875410633448,1.8986104507912356,-0.019460868921686737,-0.18476301342127763,-2.9590033704277783,0.10347756827419737,0.46758191449120673,-0.5524009768027346,-0.5460137414652656,-0.291355455619355,-0.17593951671536437,-0.0455485121769764,-1.9403351431291642,-0.7394296730858176,0.7515453254244165,-0.7755384467357817,-0.6109569179633078,1.601946958966061,-0.47487430914507345,-1.0389105343317175,0.986904171959575,-0.3913716218236661,-0.673386130532524,-1.1724468286668766,0.07885699242444119,0.46667655008995335,1.1345223497726453,1.4269942181122501,0.021208431821925843,0.048392909502886536,0.21275490359984514,0.4395668457310286,-2.0233797987716566,-0.5491631698641581,-1.1356066800389297,-0.9061786756444455,-0.18285320567097613,-1.369476106579874,0.8475055499854124,-1.5245673117502148,0.45997047141568803,0.8373687480745399,1.5924991253184317,0.8695569894027524,-2.017493568045038,-0.0379535333345868,2.1008541498233444,-1.1976565796041512,0.43354228854511295,-2.501726431667351,-1.1236922814207533,-1.3961222788919114,-0.7415798914123003,0.5693257250766632,-0.4815804110937047,-0.021634098402349967,-0.022965756975747233,-0.2617344190311612,0.4990961645115507,2.3693707336048258,0.45480443135797494,-0.8245447731168984,0.42073943253745333,-0.3941302036861271,-0.7401281089539394,0.33528405489117413,0.1525385835372602,-1.1293386165339188,-3.043105869305698,0.4790145718881545,-0.8308236685951547,-0.9141597658211849,-0.08432591614363669,-0.36994278017483684,1.968918497885782,-0.36737834732648517,0.7057309108406135,-0.4715721621561009,-1.1746163523777342,1.199563843030763,0.15879798300097897,-0.6150767261149567,0.6156238233314442,-1.5183581086372833,-0.0136172824659769,-0.6704107462842595,1.6475793349895154,1.9378152291891508,-0.5704750209693076,0.7211790070874616,-2.7796532154545988,-0.7236009817288858,-0.6589555892681622,0.04525652828967685,-0.31813030343104814,-1.6443859903714642,-0.20684762325345604,0.021689200626540533,0.3474352100551702,0.5392942355305095,-0.27826127507118725,0.5985953873034802,0.43458017520240166,-0.20492018633377856,0.30671192177961043,0.6131145634394037,1.1801506494066376,0.6538104235259274,1.2592792737527057,0.6990810304569365,-0.6652057160040098,-0.15534171336059904,1.738695692640669,0.07487610709979459,-1.2568824310194204,-0.06240319136456805,-1.4394969061543335,1.7420718727585613,0.46908780075076945,-0.6032765286382143,-0.8182255235355782,-1.384243620309711,0.06456359661644268,0.3388420907464193,-0.05605513587866908,-1.8551119760262793,-2.583109608585635,1.2280196977254243,0.24027808299011275,0.7722813189437454,0.7684644896755076,-0.6878590538699721,1.327128748411614,-0.7073190530549234,1.4243167547263504,1.2625546482409542,0.08102766419594773,0.4009076092657873,-0.37709215253078104,-1.1566655979708926,0.43022582125535497,-2.5164301751503184,-0.37865005904638693,0.28441924717314127,-0.40017680633093017,0.13376297829584324,-0.2669392059132377,-0.10739490286157731,-0.821989188473415,0.6776079169276509,-0.4820708823730982,-0.46706150983020334,-1.030735679353102,0.026080727454150784,-0.8539492033897105,-0.3850995079603223,0.49815908604187475,-2.1149567633898063,0.11816027645788772,-1.0833358393503403,-1.5212422648665334,1.8232185961783673,0.8481515660645924,-0.31308803635470317,0.4657600375596598,-0.7364734322520343,-0.4100846087705954,-1.8686311315972906,-2.0693872700905303,0.3748214294106747,0.9118585902104736,0.16279572766843378,-0.17714093658804927,-0.3566026759172736,-0.42909565951149015,1.1069660269571633,0.27180690423833254,1.825470497334044,-1.5192958119350821,-1.1979934500175573,-0.24376888569607516,0.25788709170464785,2.363681302213818,0.2808264623561974,0.9062814599655039,-0.023523398809285744,2.018669792622582,-0.7763500024239729,-0.21875902791939697,-0.5893724924338206,1.653783448016096,1.6095498527761984,-0.07514025795303524,-0.46622144656991676,-0.5054335457552513,0.7055074085070088,-0.13484690392735588,-0.405696995232747,-0.7113376961336132,-3.535331676152793,0.2456925506981501,-0.2822778948819496,-0.615509872235514,1.8159908970334926,-0.5392325348505698,0.548535259960202,0.07757184357665833,-1.223003777787058,1.2884294591692174,0.9483679557350304,0.08858919671696398,-0.5445950820395216,-0.5472612451192013,-0.07654304499698113,0.7584164642840258,1.6464104437191491,-1.4320229601823442,-1.2999901542396848,-1.1905714527450026,0.42324813143095535,-0.3413940533225598,-0.635509328380456,-0.7697216407251766,-1.7305328376823592,1.28598977985648,0.9388749401905376,-1.2837020118944562,2.0428236243265614,0.8245566586607362,-0.4544940567191071,0.4039893850890263,-0.41050744777736636,1.4727462003915546,-0.3268784167328878,-0.3562389733371187,0.46334075469666547,0.45952563641264044,1.1645355952099161,1.4315462000457941,-0.6174482890980897,0.8614116836855832,1.6204345123419066,-0.0707590845741237,0.5316663889672381,2.3033518466786025,2.4327550591896765,-0.2754907268047383,-1.3225634251307326,0.33082327006863527,1.2648047874038322,1.4201210914951061,2.0117525273212165,0.22639525907546001,0.5456364553636032,1.3717051589624456,2.0391082224662873,0.3292097029544088,-0.8132426474479066,0.28454619854856095,0.4197919381660618,-1.0306831391435298,1.1717943383575051,0.47359438160743056,-0.493855115967728,-1.0339272376066353,1.2553342347723149,0.053143216900294735,0.05800944994670872,-0.7126138142453721,-1.7036809876083314,-0.3688402600510895,1.998713086419886,1.943598667230681,0.08912248783931338,0.15075027173488392,1.1297804380833198,0.6074909380782925,-0.880920988282026,-0.48258465944980566,1.9284058278007965,-0.8827160579123875,1.5929045602437486,-1.251087204727458,-0.15310565568336698,-0.3221002401357898,0.052995546567872164,0.5045255331740081,-0.35681773009588197,0.11511943546880203,1.4909911556698667,1.0587075122526197,0.6520213347602956,-0.5938978118229039,1.4392737265659732,0.10606919101853653,0.8113693831755887,1.650171192509118,0.5258120248277095,-0.0724019606673187,-0.22484711245593159,-0.17424496378770582,0.9965823345217053,0.555819624505781,-1.3722604091762116,-0.05368625957094172,1.5527027638110804,-0.9985819649485999,-0.8947654615584326,0.8806954923764334,-0.5985034582175616,-0.688309592334242,1.2259842099487746,-0.15009664573063897,0.1773667451217979,-0.12093145880568404,0.563195257200663,-0.22373745730766448,1.5803683272754678,-0.31897485160748984,-1.3955903674099313,-0.09301125937604926,0.21848592442720316,-0.13759679192258448,-0.376051821340335,0.38563874323814806,0.8889957637036463,1.7156434754652263,0.07103809470905005,1.2192295660133117,0.955417881935938,-1.0877535610963143,-1.1230502263600515,-0.6078123196612353,-0.46235211618574557,0.05215157597412277,-1.3081834987458232,1.1036411765888978,0.8812668517831137,1.3673488396978353,-0.4931719171961659,-0.4934013938772748,0.5544366773233139,0.8871547327796397,-0.8650327206959084,-0.2986978608475317,-0.27075124292300207,-0.6056363316247365,1.0301316786870143,0.11521660520857573,-1.2756351691311916,0.4227015140485243,0.08075814854310016,1.4702859582311154,0.6672907475262936,1.601025188933044,-0.5266651159592568,-1.9878532784894556,0.9699278923180424,-0.13980384953648187,0.02026785095093251,-0.9673941046031482,1.2127621865276161,-1.20428660454417,1.6273515042482223,1.4064252655962393,-0.5130325679481118,0.6492289455873603,-1.0208205621423432,0.36740599773663185,-1.4270649531516852,-0.8532189183447715,1.3311956206590672,-1.5190941314157933,1.3775784523124301,0.09579483615394868,-0.6871816043192961,1.354632008711121,1.4500448925109164,0.26341735037058217,-0.3672625904790898,-0.10398610833736979,0.99010677840472,0.73166574566252,-0.20404796971651995,-1.1637055516031518,1.083631099282346,1.4342427803920152,1.228642220226907,1.6429807844465327,0.10716068004631212,0.040227598258052624,0.8603801822119239,-1.18175661726469,0.46119612704750557,0.04955425055941452,0.8565643209755885,-0.09324558037798818,-0.031651214807615465,-1.4826297752532478,0.7627482118007665,-0.3917743287694414,-0.27545755804504934,-0.7620818419413343,0.7421250371791975,0.0036891383086893833,1.6296859070730403,-2.0026862645281187,-0.6264900480141904,1.5910414616543351,-0.4281934638208871,0.34260832326296853,1.3743237272819466,-0.7699590788910856,-1.203606103602676,0.9801325161980681,-2.392885433548804,0.27001608846919345,-1.0536325660427828,-0.9583388523656854,2.044503468702815,0.9813638502047136,-1.2489032020381248,-0.38876541946331256,-1.4256738315337711,0.23203826151043003,-0.20488277942024927,-0.56272505271655,0.9338847670762759,-0.03977809640076207,-0.6133513505536453,1.6948827277622953,0.5726304079169808,0.7444804193834641,1.8824339127602816,-0.4250507988938837,-0.14294326697919427,0.7142352168865549,-0.4240171687054884,-0.06770696585663624,0.4087756051115704,-0.6281209164286802,0.8569466410584176,0.3671017223573306,0.8813162875924004,0.2951867119876806,0.006337969646748187,-0.36679007285270476,-1.159122967306599,-0.9057304075101679,1.0033774623851255,0.27152571760462124,-1.9517443565709973,0.5459497192312199,0.1976468327209258,-0.7840111165791688,-0.2734463690625385,1.0204695502577221,-0.09666425824268954,0.4770221521074894,0.8311020930511123,-1.700332488513487,0.04077236802888975,-2.5125551595007045,-0.33839082266643833,-0.3633957530174431,0.30884263421679303,0.13088499436818044,-0.6952316329564152,0.4490389967856375,-1.9581189492431412,0.29442356480318527,-1.2327905016437977,-0.5744255212258825,0.8786684507466097,1.3862360291889044,-1.1922652119995156,0.3719390633606132,-0.12973451424344598,1.196425056824012,-0.1282216933693331,-1.0836473839208476,1.1296154982463362,0.5099633279330696,-1.1617494381268758,0.8674528321733413,1.1088409182220722,-2.0118703429453353,0.17739005584429524,-1.1583183282205032,1.4278423801179867,-0.47084282992335064,-0.46620159307597675,0.22029582303553683,1.358027027152749,0.5505327366502534,0.3408525766333491,-0.6737064744908807,-1.4721405790289943,-0.4583657504248249,-0.7869173737876836,-0.4979255200104366,-1.4002487349273183,-0.33825434535597143,-0.40840016295822107,-0.2154546380364379,-0.18883251351853803,0.0018980105396360037,-0.8110874972226594,0.18949519036230014,0.7650025926922508,-0.007189159065031115,0.5669204916359155,-0.19984065715858712,-1.1480847094754292,-1.5232555046266494,0.33799068860591913,1.0490764800666612,2.4485887359838903,0.5230843187129419,-1.337334885029948,-0.8046766698311163,-0.8667165015094428,2.5926865345964023,0.4118769999465788,0.8167239911451751,1.7965634804073367,2.559822186991274,1.5477632129419654,-1.3632622487298127,-0.23214624097723616,0.22966183427628656,0.7530978440035736,0.7581123813327953,-2.0947306770517025,0.8072417622536631,1.3055718482367855,-0.35555566415333967,0.20782455424143298,-1.44285720351148,0.9602315620881258,-1.1719281158842392,-1.3154781427357731,-2.8140519659433827,0.7408584197481761,0.1983354709151434,0.7383228212123026,-0.88512738159605,-0.5657674222716277,0.12697781944949196,0.11408495359389982,0.17221073476229415,0.5022838957040449,-0.0849241212402853,1.0233786743330013,0.49775462930622405,0.1529966791735773,0.23860961381441492,0.2726079240658858,0.08233054666080171,0.3854496379062744,-1.3201421867165495,-0.44451860928303427,-0.4929562833874609,1.4962190502120543,-0.9360085046100555,0.04807871723999842,1.1230059087376687,0.37792251761864765,-0.5877000174310858,-1.9522266080397617,0.1139094863220518,1.5093119403070983,1.545868253876093,-0.3129459438456878,0.1417650615779122,-1.5788378442989406,-0.4197944535668162,-1.1563762518829293,1.1611307550279226,0.04859761750672109,-1.1389710555442212,-0.3904269694118248,0.6809279087270446,0.8983172201149707,-1.1495383602128701,0.8909566361459164,0.18431169086052912,1.719687595469211,1.5581754564484638,-0.27638317169450133,0.0670864844745948,-1.625222245176769,-0.17595954384646934,1.1992361781469727,-0.4909771614387185,0.3397800307123565,2.178907174207887,-0.06122772167893117,-1.1023593274947685,-1.820058685115441,-0.569214707514324,-1.5517133012881175,-2.149058512001024,0.4757307043153982,-1.6249174162650721,1.9847048159522322,0.8293392912895484,-0.6025662482444484,2.2134602654549873,-0.09164047114888375,0.5197212658174549,-0.9628373093802479,0.16199992378022246,-1.0278661322583837,-1.3305603303770994,-0.8170917214757285,-1.01210448941109,-0.9876301054385184,-0.9346617065737983,-2.7498096381274344,-0.3097072574252026,0.2881675559781519,0.34100063802120245,0.9364893118775408,0.19243829338466434,-0.04908975551060802,-1.1742287169953227,0.29768668799573356,-0.4180931717211281,-0.14260726538731427,-0.6519676840725533,-0.6473947732110057,1.0438125819759476,-0.014124939646416628,0.0760680891137081,0.8928162343347213,0.536785520279985,0.056325597456233285,-2.019727734049019,0.43603779156191314,0.19772788676234462,0.8775730538896985,0.08128356572594322,-1.0289209986517145,-1.7682444208559347,0.0771928041592923,0.4814288713102769,-0.7370522519076409,0.5593041026453128,0.14942205688635543,-1.125810188360651,-0.24114915586653704,0.040034888468963095,-0.022237078544667742,0.3234967961593882,0.19138447162144126,-0.11613846983001211,-0.6763064911281395,-1.9789492114536413,-1.6930959343775989,0.20735512439106038,0.9675207913154249,-0.17687450545803285,0.3048007432129472,1.4882858704345405,-0.6924742394839891,-0.05588828118765116,-1.2462521274820964,0.15965048449260602,0.8655883284069039,-0.41337880111803105,0.022074553923091145,0.5943107959046908,1.6750989403172916,-1.3807720213693817,0.7089034508252513,0.1363729430071074,-0.2539701238151952,-0.3536573580182127,-0.7211600881912467,3.7549225570101297,-1.936786077407705,0.12158901948963455,-0.3586449550009385,-2.5445664170311866,-2.010902320953448,-1.05621449251037,-0.5811605890433824,0.5281017639731549,0.08389400146309932,0.15999753644602235,1.0694045544899655,0.5175481317950626,-2.1482805067177146,1.4315267172828403,1.0733976186310128,0.31865782612671084,0.003429795333715723,0.8858529671641119,0.8361854468034486,0.7759871653097483,0.45502913261395556,-0.5658278607182252,1.5182018016542769,0.1428572501867177,1.3512303521649272,-0.26520149981632474,0.6897593041785827,-0.07858771929945386,0.04672264980600142,-0.2216856290701499,-1.137526464196992,-0.7511774165997237,-0.5962408244807053,-0.844816361239827,0.1272307896538374,0.7256600756263468,-1.1234030025115402,1.0749300089529588,0.3686744486373695,1.1215876608562059,-0.8188083617121503,0.33846574572848803,0.9224395696087575,-1.626394789795459,2.367391466899497,0.5110016066403861,-0.5300774287341077,1.4081426479930672,-0.13437516202178698,0.049408342368151434,0.2225869541442269,0.17811690115546616,0.7761500780186577,2.121612125535561,1.0727175430496958,1.57778588414432,0.298990462127642,1.2478200721532196,-0.18956778136205324,-1.2054534280489482,-0.5227606352376362,0.754215057218345,-0.04873520587574871,0.06563525089484577,-0.2888508709140394,0.39547373204147157,-1.6696337709037952,-0.40844137009599124,1.136046745768737,0.5773548157329043,-1.2101110038276988,-0.045920686969630815,-0.31371625970878775,0.6436514857322276,-0.3022048260992419,-0.3557706290194761,-0.6583868023023506,1.0280627466616614,0.9615850160796392,-1.5658684619611691,-0.3427997352229311,0.20948473137653492,2.1350002844770275,1.0783827638485977,1.181865405562353,-1.541045547292883
0.17277299134659263,0.3566404363099771,-0.30596221161813264,0.8524261233263357,1.5133870900720643,1.2587717259971332,-2.0531183159187774,0.7296643513882558,0.8573021662312723,0.1527712698993497,0.9897782370342851,-0.5415397683597912,-0.4966386966221064,-1.4050489010422704,0.628160742757191,-0.5731174726214193,-0.7633734806939866,-0.20681079920988976,-1.333203261817842,-1.9673915356844445,1.408428706891312,-0.5454152546513267,-0.3342165734183326,-0.6941595933999762,-0.8619777085470081,-0.1602355031667725,-0.4699315414439911,-0.9407909238456007,-1.9561226244916987,-0.39067936879368614,1.1810558348741549,-0.515366046412781,-0.7380396190348385,0.9377066785773883,-0.9767158669779812,0.3273896631157963,0.4870454256922273,0.021088100736849254,-0.3601911079356752,-1.366558320700829,-0.330149662617573,0.9319414618791234,-0.32286495912720736,-1.2237286508725251,0.1398332556764081,-0.549650644386679,-0.4146084558201093,-1.4221956367713535,0.8478770181250558,-0.865631478228804,0.4823132195318302,-0.8240620822548363,-0.7393358014644509,-0.684143677910118,1.5903360380638738,1.5396844604971003,0.14717752596697864,0.6351459644117555,-1.5333946060571624,1.2541817903485255,0.28230776873839186,-1.083113385199126,-0.18731483479141584,-1.414312428946611,0.5255133823873307,-0.13965502181719128,-0.28077660160994,0.76620073792845,0.6288667301462157,-0.0880775134827262,-1.363479421960957,-0.4380085762222399,0.7160559692859124,-0.3554408604492262,0.20596386635636763,0.40164673043393256,0.3345824464446031,-0.645330658570039,0.6622855697291927,0.00596597106939992,-0.06013450907093997,0.24169163190033613,-0.030860761737529906,0.871397525320536,-0.4585194149264505,0.9220140464308009,-1.359381337992239,-0.33756460356228984,-0.5634111190708937,0.5810871209068829,0.8943645671578566,-0.2725626136669346,-0.4297490160492989,-0.6843123095218142,0.8357199745673539,2.176082145310653,-1.5075008796875484,0.4509730880339361,0.4336401820742669,0.3994435244162977,0.21074650815274046,-1.5357410959252116,-0.17214616111221745,-1.3360275956166507,0.7848717936225327,0.5087681035463454,0.8760073225361106,0.3418863049368239,-1.5345716359260775,-0.7343510343294881,0.17019666916264592,-0.3525291837727401,0.19944894926924345,-0.9781820186053207,1.7546999439380078,-0.09680271943736216,0.7517873938365905,1.7270448971179904,0.8731883290604352,-0.46711722438803344,0.10646656152981644,0.022893673054407742,0.3840645791756974,-1.1825158028972902,1.9853257986579704,-1.1787931160399914,0.7079911843640949,1.0455962471305864,0.5405263497598375,0.8662326131148024,0.2164098293572141,-1.1847211754540896,0.6130192984012408,-1.6319453802200852,1.650818145687796,-1.522589696161639,-0.9189995513997952,0.9356870909528319,1.2399642750306754,-0.20784116673843578,0.27450637602461064,-1.1251830321773402,0.3030391512026833,-0.3900711013068168,1.4926115409660725,-0.6504103896577298,1.106035599877658,-0.05493900355198971,1.4570831640160238,1.8229846764193665,3.6759064190683623e-05,-0.7677024429852399,0.460310017792758,0.8458354687834255,-0.8298855301828131,0.4011290157674185,-0.3034870162167188,-0.11512441132595319,-1.2462236155310678,-0.24578022373615996,0.9382141144214263,1.5866079342042398,-0.728267422761007,0.05380363747495012,1.1092435649438945,-1.2564504750429948,0.1473711296368237,-0.2807513225778282,-0.11344372370979158,0.8828002736636384,-1.696984801246817,1.3211906535026947,1.4121747313341713,2.4529893889613037,-0.9649736409179149,0.1301179846572426,-0.02097292576364187,-1.5287196520810695,0.7262715021577815,-0.16997315838706853,1.3031605933543176,1.0208126331719891,-0.597477230004488,0.7973154127693713,-1.1885857998850684,-1.2542249130732537,-0.6967787674479197,0.882871227538376,-0.48949984714679096,-0.4063268498223589,-0.8635562906929249,0.7981237779978042,0.5052325180623757,0.899995063768965,0.19862223582018004,0.539553935406325,1.0641312525459996,-1.5301636664954277,0.3854372768160589,-0.42207548901900915,-1.4691803509332149,1.9077764659621566,0.4990497214381673,0.34759077404192334,0.28327795834040176,-0.9474836416070317,-0.7250346533407851,1.4573620222584913,-0.656224526862372,-0.9230693627392427,-0.11353213628185377,0.738932359722019,-1.0607941472832167,1.8042773459268797,0.9172381895901588,-1.1805142240926498,1.5309726805421957,0.5502984159110982,-2.097310470048104,-2.2764537045505104,1.3729616137058178,-0.1567628327797606,-0.24736990271822598,-1.09104873850935,-1.0887378453038934,1.515730737171221,0.5100786029667589,0.02236213313007575,-0.7399202958010858,-0.6308226462406695,-0.8748778738653371,1.4191501665657835,-0.511690117421427,-0.8883857874675765,-0.15368691526081357,1.0256354570476907,-1.0123775739725387,-0.49264907295988736,-1.022006282498092,0.08996636317107846,0.5611722241478807,1.4110706539572941,0.05899034159624364,0.8370631032864047,0.4200370301806625,0.3113595570020678,-0.20707273016924377,-0.26177608099446237,-1.2251706770414883,0.7092533789008861,-0.575966379458152,-0.2868307831075551,-0.1472655340258181,0.9095888608301375,3.0836391194549693,-1.6618744075207919,-0.42905864212390027,0.7268914010694368,0.9610923908263552,2.207632305330126,0.025549749614958997,-0.13473575251656317,-0.9995051417365944,0.5452120984785505,-2.0191954697183827,0.3067274698947883,-1.467590378031133,-1.3765228621172214,1.036707788005697,-2.105532663294971,-1.335148264535564,1.5743856056301946,-0.7805951514965793,0.646334333277334,-0.13250487742830164,2.1559663189407567,0.7127091339936272,0.672653329032648,0.8094519782896791,0.9791908015822733,0.12501256215908255,1.687720929798681,-0.5630561739447892,-0.7072154027465931,1.4890383628162338,0.36291316762363335,1.1270472904561906,0.40511919455226614,0.03051818288470542,-0.28508058946489884,0.41868517613129164,0.3491097174558842,0.9777494085615318,-0.025515635958627006,0.41924361629422435,0.6594258057288833,1.2282113270322572,-0.6355650576528655,1.4910307063932715,-0.16331398687461413,-2.176952390649828,0.28552831530221817,1.6549119843298403,-0.001442400056281638,1.4692928631257327,0.9226665117747738,-0.708561186060891,-0.7214860502511745,-0.519717632346772,-1.2664386611589267,-0.7174987698342901,-0.5443974209280361,1.1215474294364918,0.8023388043114428,0.8841059475400067,-1.0405866820764929,0.8786457117979957,-1.2806567670168434,1.8484469889430004,-0.11053023908506443,0.8087060557743324,1.0234789408420264,-0.5701869774455849,-0.2110801829435127,-0.36377595522366096,-0.3709438283396737,0.2701173131519385,-0.9062322723596451,-1.5204890039120973,0.8071066519529526,0.7446628325233339,-0.7886036535243105,-1.9018987699462766,0.6163539566927062,0.4035139747750153,-0.20610071589284032,-1.035565512969881,0.5762358032045379,0.2938127330059901,0.66420841126816,0.5170689697706847,1.0972194059813125,1.7495536091986024,-1.2721041372715771,-0.5541698865391065,0.5245768024994656,-0.6692161279933607,0.29099392676303815,-0.3070661675485208,-0.8994450507089641,2.2673918059871165,-0.07902182141933634,1.2780099967652645,-0.8514689329820554,-0.6020533608066739,0.2774196841156303,0.9802033875507612,-0.4173005745931751,1.2516744145445606,1.0571539806483274,-0.019978377231560988,1.4075617676447474,-2.986667608972922,0.5383648873150427,-0.2161640441472578,0.27484426827071173,-1.0657196612582591,-0.104818318777302,-1.5325826236859157,0.34775360282220463,1.414986025534421,0.266322460270502,1.1410032633352443,0.38002662276394755,0.27864795896818517,2.235393118275938,-1.2536436362919607,0.6026202620528057,1.407462447626601,0.23427221256897737,-0.26248163843664685,-1.3622212141944294,-0.6281700802850153,1.5364302688733424,2.0120796529419693,-0.27979819153216434,-0.3423234067105751,-1.191422490707957,0.4060222693087657,-2.8136390533821687,-0.8135267641622986,1.1963387947473225,-0.6846860016384194,-2.821598941549456,0.3731605613679712,-0.6699017261858914,1.0449006937669938,0.09680926756888072,0.7049252747569729,0.44509973161433214,-1.2915893646855174,-1.658799259917,1.5394204603126447,0.7251717290566178,-1.6751232256230426,-0.9532783371628681,-0.08028012236031044,-0.9410215429325646,0.5296006041748956,-0.06310271187428365,1.5466977045939,-0.4235939958766869,-0.6353305366783161,-1.4970715718789267,0.24156143331986715,1.3464278619614876,-2.0903506507166516,0.6915095121682515,0.2990168795762448,1.3357476687201382,0.24748033260415858,-0.6385409821905823,0.16228491573354947,-1.0648209748001174,-0.6954760409216606,1.4304696880127734,0.8386325460918108,-0.31187649960841246,0.8688919057649757,-0.039195147726592904,0.7380392338981072,0.09778157473528475,-1.8401959585122525,-0.7790528111731304,1.6555833943352194,0.602848029233669,-3.146166446033897,-0.6649108634259615,0.2008937850378598,0.4496328902977047,0.6930902942268921,1.039146464006039,0.011375403955552898,0.8093807384940389,-0.729505445697186,-1.1703789900736623,0.6676261677024491,-0.5234804445196506,0.5181505390111891,-0.8162571054769375,-1.8247245189783718,-1.334406885049411,1.2749724510748268,-0.36299167314406405,0.10005389368825968,1.6489852026536025,-1.4393058185541718,1.0539248715500709,-0.38433123689742776,-1.9063876581012658,0.965863091696751,-1.6121867025037564,-1.701955911879886,-0.6851310472719142,-0.1310901254216948,0.29011294609300464,-1.6701112853390816,-0.6815802047989814,0.5551662511082422,-0.4436975319997189,-0.3850945115390656,-1.071608344280937,-0.8241828634484796,1.1379498126085903,0.3141429859074256,1.7616399947943535,-2.2370459791860395,0.9380196094274538,-0.623759944886073,1.619549359240254,-0.2889134077769008,0.3156160838901013,0.152186660395275,-0.17298348867042493,0.15683543215089818,1.335628039044902,-1.605926896997476,0.5929296309305934,0.8964623223204731,0.1728158202257308,-1.0651691739339613,-0.477932742209566,2.1345962256175874,0.4978607732012993,0.28429106860061476,0.5189762236158665,-0.6081004666806386,-0.4172501541621273,-0.29038807003627265,-0.9006447213601831,-0.20257773445889724,0.046537647621858386,0.28215394069774696,-0.12948632083446268,0.7623875904710529,0.8906713199748773,0.40478689618541325,0.8309918268300971,0.6564962692114805,0.81578975608692,-1.4735261285690424,-0.15625201199088984,-0.19833578242721592,0.3045149587878184,0.6825522830229184,0.3836547874812412,0.7087760304411692,-2.045930614304002,-0.7741244750594831,-0.10453836269601985,-1.1447784704787158,0.9142235995929583,0.9813970310511934,1.4514258471385204,0.2584714761304455,-1.4111199443233025,-0.4948844148784508,0.9291698922320755,0.19107380817515093,-0.5910504697318265,-0.25018899689184193,0.47719760985031745,0.04427805230797103,0.8827815973715615,-0.4407795425499929,-0.09163780957221844,-0.26309415805579767,1.1990786827697033,0.356961872014652,-0.4632832540616079,0.06748533826536258,0.8384798933211484,-0.7033706533879711,0.02916650564015519,0.1906052036542281,-2.389509569651157,0.0448324571125803,0.3149484772635581,-0.3871150596431585,-0.3892458736414784,-2.712482101066449,-1.0134447311736159,-0.3819363523773395,1.12186824991377,-0.33979176406168904,0.586609535914912,-0.1976082993055955,1.0909968468054216,1.9320219766976041,-0.25740894782903107,0.8545182856324989,1.1024954003895828,0.10366737729282338,0.031470290340309195,1.900459159880344,1.5637525654272824,0.5161385755334794,-0.7632530829245296,-1.3884219680142915,0.6970996246353925,0.7113897356614348,-0.22160676788145675,0.3809687729267945,-0.022261071731730347,0.4073505647927764,-0.12306356749124246,0.7655396316142448,0.2425627313720389,1.6314197435743398,-0.5893543351216949,-0.6337210926677354,-0.8047955278513096,-0.548564544545474,-0.697850198119598,0.7708611823690686,0.21096712805371376,0.023616512836856774,-1.0715720217211508,0.24189849944721842,-1.7088744770646538,0.6863884583135875,-0.4897510355965663,-1.3687531576985226,-0.18889752487201367,0.2219890597635664,-1.2326977070279082,0.373926636634988,0.3886832419757862,-0.1533500708022837,0.8145992259732319,0.17179610826392705,0.5992516380744194,0.32659551426804995,-0.610170207650918,0.006027823757909203,-0.061265667095046696,-1.7866256799954146,1.3239375060850136,-1.5197459568757092,0.18322681392820722,1.7263255579186603,-0.5169776514074995,-1.0698143960884061,-1.116685294358267,2.3863574655932993,-0.0684051323040661,0.9698777194135678,-1.3187991448768477,0.8223798236302562,0.5422670131171772,0.9541232586871004,-0.31907830870098525,2.2382410841309666,-1.562044190080103,1.0644459123291448,-0.14371108332177956,-0.1393494968400448,0.510242277110522,0.11973227875573195,0.4252971445210273,-1.3785225437577417,-0.9124741078774703,-0.04166334948820081,0.14575331201615818,1.9859485885717998,-0.24022956215710553,1.587728720859974,0.05443656550418144,1.77945152574499,-1.1455484419667512,-0.47504082832770966,0.5483096197574663,-1.2591818890591375,0.23963156398205596,2.29639397207745,-0.5748672929378724,-1.003249856689749,-0.8950042666968284,-0.15305747994525892,0.6934852732199526,1.1763326189589431,1.1864975916294582,0.6026787615920018,-0.15861908701827818,0.7589858134758275,0.9961426642036748,3.128515077348046,1.373073746293478,0.7759085035175888,-0.5095146069387212,-0.054151765074545354,0.7123092682596892,1.4009235805729656,-1.291749629864103,-0.5904320380343118,-1.7289061682067242,-0.2618962118210432,-0.49215369049361607,-0.7384187674885024,-0.6976054704665715,0.3659173674740749,0.4209840612522585,1.299568981000733,-0.08880291086639999,-0.8365902292733015,0.7640780253202355,-0.4162535626303883,0.10298275172566312,-0.9906043672645787,-0.06901557657264824,1.8555060574204678,0.029269323328615555,0.07685502498820092,-1.338492176455892,-0.1274681917357091,0.18068278170419033,2.050007509809189,-0.826964921055961,1.8674880986485665,0.5909090747324202,1.153009204393107,1.0467406727806827,0.19675326412444116,-2.044565933787856,1.2107891641398454,-0.7087238884177985,-0.2744694036611281,-0.44566222377208564,0.4030136897534058,1.751879010729563,0.7406231691178586,-1.505296172885324,-0.44702997117524906,0.09790012637444209,0.47458204951193067,1.4570590763362097,1.23524444450827,0.41460935621500783,0.06739708239813637,-0.20704281583023004,-0.6459784270736029,0.8691102933740285,-0.8813572323436822,-0.4567447267636522,-1.293417868788722,-0.3623266998401022,1.8794660570416635,-0.08059276060087989,1.3208913072814226,0.6172462895649142,0.9183973834058007,-0.1034602695232153,-0.08061792062366843,1.2031074155280448,-0.5368397056811626,-1.075614245707195,0.658716660472955,-0.2826541561659855,0.05769664588061528,1.686346990048059,-1.0266602671650202,-0.28711225137896834,0.13573989972783534,0.045057637060119976,1.2377548212587814,1.8046660290427095,1.569178167324288,-2.846240581502053,-0.6845795130564672,0.622538565971487,-0.6825636415422435,0.23045969517517892,-0.2811896951541199,0.6726507574262217,0.011558259861863882,0.6950681927793452,-0.8686431470070314,-1.1937965693301271,-0.48252150736909055,0.028231451370199615,-0.2742716788836863,-0.9787345266133155,-1.0609187075437254,0.3322696828506612,-1.8242964208657078,-0.556160413403968,-0.8402853150399938,0.13761795100100088,-0.6598818642251695,-0.5015447269901366,0.29322496625550515,-1.61157439759735,-0.03600101154169115,-3.0229245812970973,0.07039514962792484,-0.905036162056471,0.40117044561944437,1.6698251330658784,1.1632330231692882,-1.3941307926068813,-1.4923873999378872,-2.622187206160198,0.7486048585616578,-0.5073135142518048,-1.0704521563621057,0.4489531137602633,-2.1124545996159507,1.6802026158495902,0.6498367486026279,0.6136043093722612,-0.05014307425300578,-0.0066068779423148595,-1.1157038941796136,1.0113280901897819,1.0104924430528675,-0.3683743237565861,-0.7056681423269107,1.111344351309235,0.5815633949225752,2.2673050405778805,0.4426241003963674,1.7022494380269722,-0.09508091525176167,-0.9829948382560599,0.510055488040022,0.9942331238299282,-0.08368727630039184,1.0400456470299193,0.34549460280902794,0.5567170643162911,-0.5464265908645397,0.8757269519450654,1.006609162595171,2.9603105455998118,1.5397185502609099,0.3166923139715297,-0.7529555991473328,1.8867681771210105,-0.2475107231698513,-0.2530104963476172,-0.4023436935975748,0.5072711072244854,0.2534278066478581,-0.513671078395572,-1.116190339706603,-1.7202028624684895,0.6939878931480375,-0.9111717092114363,-0.510245049351942,1.8797422942531463,-0.497594956689409,-0.05568191101754541,-0.9493712146883226,1.1036713734590584,0.972864672621426,-0.2745008940554053,-1.7540474872242007,-0.27585465575732915,0.41488482558577244,1.2514318509316331,-0.9163236156104378,-0.2825290876287073,0.14902450769035444,-0.542587288779879,0.3560778659936333,1.247395133582914,0.146826101288919,-0.5139364112869469,0.6552915839700865,-0.19564620504955246,1.6580654108708401,0.7031135225253438,0.79534460700593,-0.8365554124491206,0.16990577662970732,0.24080966658304714,0.6921906320368976,-1.0587632624472139,0.08281949460555672,-0.9440791945631886,-0.8414243487434715,-0.7728802708951049,-0.3254682841652021,0.19404454824948741,0.6341864636496165,0.488709251805047,0.7491152962968632,0.6819772274356195,-1.3590595104741015,-0.634529001433408,0.9632816087581779,-0.5414458162545501,-0.8307060746716528,0.040736339023577796,-1.4566145895339808,-0.42802870888953076,-1.4797464421132738,0.8937397401842436,3.237276034951724,0.36363770934827744,1.5403199596502741,-0.06891379713663426,1.1128857398889556,-1.2050779539907592,0.3880434551976432,-0.2009762973998031,-1.4366657174456434,0.04172554133076085,-1.246139588213594,-1.2240850116076651,0.742784270694261,-1.2307020675163125,0.4804357751258375,-0.9583286258262589,0.6659254475091164,1.6630711071234316,-1.2830988322570696,-0.29241460772131667,-0.6887344138185181,-0.3429076037062595,0.6289753972058747,0.22869633811317563,1.6862659729273564,-0.09230974715421063,0.36547273703213967,0.5994600267496426,-1.5792989339843593,-0.6949494130511049,-2.0052748269111222,1.0043639578743515,-2.1528708233357543,0.12483176967890201,1.1479033550073083,1.4448201063854098,0.8673540900545578,-0.3137532292997286,0.0069593774086303475,0.01689877755599343,0.532673236301861,2.477548119635614,0.7640099520048242,0.7780789644481358,0.6809517022296999,0.4105983607441045,1.253855803750713,-0.11359053287114537,-1.5308147254578857,-0.4085831633767313,-2.1406224151541737,-1.578875333200775,0.6588733143312244,0.45420034830064815,-1.2691188629927355,-0.8011283614638985,1.7840483384903925,-1.208449865770592,0.40725918020161583,1.9029295557759813,2.095423749049783,-1.773087222826253,1.0829807424981606,-1.7131936432689294,-1.0293382207412545,0.3007486005207064,-0.7688765477616127,1.5149446063949739,2.390463352691262,1.5172505022911968,0.035363554598449816,0.1767778150090627,-0.28175335280606173,-0.8915901243725558,-0.44230675850425155,0.33021685504806564,-0.22812109166691075,1.7257952959204408,-0.2018639537891857,-1.457847814205321,1.2475370437084077,-0.26050035732312743,2.3699627809236286,-0.1320649995700526,1.6960011827141315,-0.4473573832261356,-0.6224051002523622,0.6431493921407802,0.7791565567193883,-1.0891100242657754,0.5508944578847159,-0.7700407309740479,-0.2090701884925293,-1.3082960475725562,0.31157496227662784,0.6988219393805073,-9.923288838933612e-05,-0.07549429725088752,0.9013446599931405,1.0958206879258825,0.6220658175913862,1.2664416374880552,-0.8928312859659258,-0.020030215655136612,-1.7709465025140603,0.6192786504834937,-0.0017265122410668693,1.3595019285894296,0.11566810776457653,1.3986748429538214,1.0892769358890937,-0.5969764100870822,-0.22886569907095436,1.7107572142470768,-1.4911972989984354,-1.4332861512629471,0.7449871389638787,0.7021325544694235,0.5855800990745968,-1.5773413555965345,0.15673681684419105,-2.0287358681155587,2.9964158359939854,0.8358013632843336,0.10766570731263368,0.8809767436744029,-2.4104108225601313,-1.7370621385963123,0.3182618627811544,-0.6626646050723157,-0.30265413697166643,-1.6356632404271143
-0.46560305518107886,0.658690757083405,-0.5020799921648028,0.32793015982597296,0.22434293640383826,-1.1476385270580671,-1.333228773079106,-0.15166621265807412,-1.7977205606385367,0.18555994930149355,-1.2719372215069586,-1.0755886978113272,0.37460265245045865,1.212411806937802,1.4812244920955686,0.13542798580542076,0.8672899643167619,-0.7679367946652391,-0.051306887759017435,0.9618676074377758,-0.13068412924071282,-0.15915849905927348,-0.7976152802324853,-0.4136727059652232,1.3324669570898244,-0.4366247740939268,0.09843637975340118,0.18628822687462887,0.33734900668379403,1.8679894810010675,0.3557074220117144,-0.38705525646028577,0.582026132866561,0.42496737535758,1.8606726093185835,1.4750212440958017,1.172823763973645,-0.7225831141816205,0.6874190317655106,-0.9918503608401973,-2.382228861010933,0.22066411005150047,0.10437750255042662,-0.9021702719108285,0.25602414214667507,-0.32556177976441375,-0.5709381822177814,-0.11714837123486291,-0.3028196610356685,-1.3561269546426526,1.424627024283075,-1.484618459700165,1.1045715952223627,0.2293398578062431,-0.3884108353644115,0.7504351203830315,0.11687249506939364,0.7787092069362359,-1.568629728523732,-0.2412233888663929,0.04328277134292851,-0.87259351871783,-1.0452700252674545,-0.9928697087997217,-1.4346473437616734,0.5840765521066843,-1.2499763742355803,1.0315003411097197,0.6711388254337215,-0.2800478482307513,-1.5098835238707589,0.13641823796068345,-1.3265908944461255,-0.7887074203256437,-0.6686672548533492,0.48525985971159463,-0.4688202106499507,0.4020706943618257,0.5094337267821095,0.5197311807861327,-0.40620582517848797,-0.1933409631918326,-0.17420761298165244,0.6649186432134359,0.7038665492714473,-1.137368506872466,-1.1897020642892706,-0.27923759485582034,1.7201799768454868,0.8155709663467431,1.4685562367590594,0.7385288522905423,0.5351845585341753,1.1707614081160347,0.5759913886272963,-0.18881972658378102,0.7200012337581093,-0.45013602876224046,0.6967541401352877,-0.6736583085295627,-0.473882750057879,-0.06378010156812527,0.3244891465685616,1.6822046008048068,0.2798481607879353,-0.2938080133725295,0.2875831910797556,-1.2784304324330056,-1.9443711971338975,0.2695552480343574,-1.0357476333544375,0.12492646835154105,2.1825744223043704,-0.30186065499206244,0.7288637223991394,0.21191451449131185,-1.5836357821975064,2.557356933380111,2.576524508261783,0.277996138825779,-0.30386135492676974,0.3067842974241392,-0.724404115131334,0.7079457011008361,1.3901838533731885,-0.2343085657226239,-0.9392854726827924,-1.528142934586401,-1.711450829491586,-0.3885276234683945,-1.262359099491837,-0.1612894594677095,-0.6786398686861154,-0.7084033527202325,0.018844215866368363,0.5959388969883678,0.13575103006731476,-2.748658492689441,-1.5236941732112117,-0.1683201475423929,1.314298173734058,-0.8460709210672892,-1.4678308697227078,-0.661164236904247,-0.6845304754702505,-0.1179290825077374,1.5212223589844276,-1.5379359135710844,0.03609334787069568,0.8734825725918126,0.3385688761880286,0.2690071947950587,-0.12783374847020468,0.33752234438002365,0.607057280570902,-1.0212358532764056,-1.438558372046183,-0.10275413033314726,0.623749023399111,-0.6209152148860057,1.0626125144088092,-0.2656227908878075,-0.370539934172019,-0.16134876548902832,0.20805813546801327,-0.1842069199508527,-0.9912280933563834,-0.5681638264070719,-0.7932991527242119,0.34831025502222174,-0.9363986676581111,0.0500255816601876,0.40361407396897425,0.4544270844177437,-0.8820757062432686,0.3640899126082025,-1.2774555795895977,1.1722231304942414,-0.8328376776645441,0.49001507432904506,0.46448122506075656,-0.7322473501420101,-1.1573155645219924,1.0178822091622184,-0.6718966388890056,-0.2752503690415429,-0.9167424564905332,-1.5116495753505812,-1.2811409427912717,-0.7664373841499041,-0.3556327323455518,0.24750608081140957,-0.5008588969851279,3.0944238054919433,0.8382559875133652,-0.14071767997511836,-2.0815993325455984,-0.6512614585840617,-0.9167434128352523,1.1843631751212034,1.6457585920066098,0.56994536353633,1.3033959175764271,1.800920028595752,1.3827137616679421,-0.20340166367725152,-0.08182326423930825,-1.489771219382134,-1.4876587490756024,0.16493682408413873,-1.4344215056701952,-0.21972048096711802,-0.16872567816049203,0.8116421599404324,0.8314834040128639,-0.8512754357140675,0.13153843089615355,-0.3387020985821839,0.8993102504027743,0.7285613005965852,1.371354958657707,-1.6693204981281828,1.116115317213882,0.1379539821973005,-0.2296290015963846,0.1922895296982732,-0.9697571068029455,0.8436906084270245,0.6700470038129628,0.6071911126354385,-0.14763847117170656,-0.6905049650288626,-0.9382400868312906,0.25974878165626264,0.9161691171990212,-0.8866575371351149,0.05251659702665912,-1.9588351712860235,0.38374227865989063,-0.5613314895505558,-0.9748214745742398,-1.4793643183460963,-0.3771571145505352,-1.5365505793963719,-1.089248079096014,-0.2493586079305235,-0.20414054375890087,1.0377540670276963,-0.19750316958038575,-1.8655839628566868,0.8321973263608451,0.13483943697097017,-0.8763934730696108,0.24453299069332948,-0.07083984721799708,0.39990201407148007,-0.37232455411007387,-0.12079036067623942,0.4503448448693831,0.49743724632867214,-0.32095450103397366,-0.7930055934147562,-1.1843137619699566,-0.38993477458172926,-0.22632242962017854,-0.37062205812506255,0.014345267489270685,0.9262084032468068,-1.5333214222890887,-0.5240219128342951,-1.0108366178964978,-0.9110897351813281,-0.7833732553199755,-0.8793829216938615,0.0016393346452511454,1.9260908833885555,0.521121901013053,-1.020614818628696,-0.6093885367679748,2.0970632010374732,0.1242684068633131,1.453541325628574,-0.6422780584370265,-1.6942461953177772,-1.8696617005941496,-0.1702013793778496,0.3303332802459654,0.24282274098454187,-0.10856376743632008,-1.3650076639626334,0.08373598563376065,0.5737094871389004,1.1793452227795198,1.697288007986648,0.8491720928201091,0.6503804365392558,-1.2991342550418903,-1.7158497433462847,-0.03464362126017156,1.8494195750837288,-0.42843891875975965,-1.1455921209309,0.3117044978214281,0.46568782511881296,0.5287992853732588,0.700834712569537,0.16852726332151055,-0.7113790888262302,-1.006417396405172,-0.033749617571560656,0.42566232262569004,-1.334745754924299,0.5892452249123394,-0.2506388986252653,-0.495184221876245,0.760815906986093,0.7527782234181923,0.8138385488278556,-1.2790378668783497,0.27831249992439333,0.2040156487484725,0.2465287623225834,-0.269442627835651,-2.3933586321525984,-0.3763619140303599,-0.6518836447784089,-0.1710496930811871,-0.41246880777054645,-2.129424080410341,0.3718161566356912,-1.594332587140718,-0.13237018647882023,1.598917354268324,-0.3481881604411758,0.6198001391529846,-1.312881941784893,0.03510404757222511,-0.08502221972714229,0.5689291593845626,1.2988531199592273,-1.1625976389400476,0.07850830896299407,-0.39407827926854055,-0.2935552746620329,0.2588033486275898,-0.2814339589662314,-0.05208035881000371,-0.019910217988727972,0.19113431269300937,0.06299232169723541,0.7995643620306987,1.173322084980372,-1.1642727770168146,-0.24232979317452788,-0.4128950918872113,0.6171807907523716,-0.4011942223675974,0.6374271682242164,0.7427881079261488,-3.4474600129568063,-0.6527465873332614,0.39387582011833605,1.8283778115909854,0.37819278571195547,1.109472875387033,-0.5983632342418699,1.105242346326328,1.3364417051458917,1.8035324359601606,-0.38920829316732725,0.7200097470479049,0.5861362077481731,-0.29867903089575953,-0.020620013971133604,-2.1756726343761383,-0.9738522792876404,0.24030160570843484,-1.307968061933806,0.6911823129475497,0.33926578226027404,-0.2054629677640045,-1.368282311405924,0.4729136188560913,1.4925372812045496,-0.892325646377098,-0.6766189446002387,-1.4902066678694912,-0.0710464041832138,-1.8393482078761296,0.6787713256539618,-2.7706570038711558,0.8978566495136352,-1.1837232147575394,0.056661863594138155,-0.11753932495462806,0.8145528410788999,0.1205042892221042,-0.18943307781594174,-0.3098907614797301,0.11215089488136848,-0.19618144956563052,-0.4245456928372665,0.46124044723645935,0.15458086286270803,-1.446775077553489,0.030584643578944054,2.1669676526604396,0.3456286357966935,1.4150402659266197,0.34254548049838063,1.7581092718465368,-0.09636848847755168,-0.777847770581027,0.4047875790320482,0.38137733980774985,0.7353333170605134,0.04369522526955005,0.7867804476909886,0.7068511590029486,1.4703733404875443,-0.5348511212566255,0.29931390667571384,0.20116066885983494,1.9607279748451683,0.32810753330464065,-0.08348035153010032,-0.9282553120853597,-1.4440513102550185,-0.5344757363577033,-1.6934584745266041,-1.423513436865647,-0.7376245803329641,-2.11679816193446,2.1822755883875296,-0.9353211147915006,-1.8135958490484991,1.162361503462052,-0.013321594542155734,0.7527269443565661,1.2580461881953422,-1.5538694587805384,-0.5554687331904339,0.9615496874034938,1.2835078765348444,-0.4526438156399449,0.17986682078010202,1.6037531517677714,1.4797405171279006,1.2163853594878193,-0.10415902664696713,-2.3558725008785446,-0.010689991699841932,-1.1457705778373217,-0.858169466644619,0.11858066274050576,-1.6272442228546826,0.08367584682739972,0.5280423911363747,1.1548678993099137,0.3202944379146524,1.8512265716951142,0.5172106454336951,-1.165629233603845,1.192732899763804,0.8163292615987527,1.369762714234227,0.41600360374212836,-0.7092301817273576,0.18502060711990373,1.1221384811342472,1.382183468094862,1.4715629234203447,-1.4371044530540227,0.5718671034353706,0.8723239640445817,0.12211857462760117,-0.5717490077287071,0.4172764447550806,2.6098801377163445,0.4719003443615128,-0.32376337634613817,0.3609871427308043,0.3655023856715711,0.7893120961741344,-0.0741573502273398,-1.8136656063896899,0.31772789133374424,0.542843844911868,-0.7439818302199019,1.2303346460544837,1.0462888110920807,-0.13877715279972408,0.1548403810975187,0.6389958927892049,1.3618643669095831,0.12096298725062817,-0.017562019213159887,0.19268154763901504,1.9303246273672365,0.7945878584877912,0.23086219344242637,0.043408478739962696,-2.2610785577181844,0.19594177572622026,2.0204470505607537,-0.2825297228243205,-1.3605472521327961,1.0246249420940743,-0.4202040181731832,0.3814280039972367,1.0300336451519225,-0.20657195263526024,2.672460332984925,-2.056404188500304,-0.08345387108593602,-1.5014983467600524,-0.5637094064848482,0.14833656168598947,1.2477251401339258,-0.9463774480890611,-0.11697660017002712,-0.21532219227220936,0.7806502314641195,0.6595025200527037,-0.577101985745809,0.6847798339554684,-0.5255800370114582,-0.09704169454086345,-0.3313558545810749,0.9126383760275358,0.2977491035100218,-0.23054813082799033,1.0437087516385004,0.7445181233856082,0.33340755278551815,0.8060686889151994,1.1414707320191737,0.3899478927571939,0.32137756149580265,-0.6394203903436315,-1.2080997727143545,-0.8069769254954058,-1.212270405732037,-0.4580504493992743,1.612257347276364,-1.5631360415899296,-0.22906278731583385,0.008668396769055394,0.3576261598467578,-1.4378604896273772,0.5691991277314767,-2.654049827071423,-2.3289190835401357,-0.36666846378683327,0.6918009871967215,0.3783711140067781,0.19547887808432074,0.3918499625036972,1.2480042837495557,0.6996821111171445,0.5803899787540733,0.19064323683037493,-0.1813328582035726,-1.133398267873687,-0.850021160476943,-0.984292224202459,-1.240697177499766,0.7587647415535731,-1.6972686778480404,-0.1628928933890429,0.8569836705886761,0.7677837751692915,-0.16668602724761375,0.631799211743363,0.41068714646544385,1.0081391407936966,-1.151855910924858,-1.5359255506418243,1.217163832929207,-0.0954696933547733,-0.29622956855267585,-0.7330128116612511,-1.6249442351015708,1.3840143081486453,0.4193629205389845,-0.632933119101381,-0.49096547109013444,-0.44615525030370223,-0.21262264330117028,-1.1180622469776917,0.046236423252017676,-1.0810680372351742,0.007947694319168015,-0.051442811668719016,1.239140708689692,-2.4703370568321734,0.16339076578935582,2.4920473678345547,0.06073686641577416,0.3896400244380781,0.35324349314955,-0.5994412570278307,-0.442196588492112,1.076772168727725,1.0383399021014714,-2.60654713943247,1.5937271397311554,1.3031847412458266,-0.5786224399920136,-0.3077305397547048,-1.5707633689351435,0.20875845968627005,-0.7043201363936346,1.0243466013418905,-1.0177152941889809,0.4706516269402106,0.1734043158431577,-1.9157809588371673,0.9235851460365861,0.5577414654081063,1.40801458928179,1.2569773177832146,1.4642343675699367,0.3196031893561418,-1.5313711610825393,0.5833577751852542,-0.7634944846470741,-0.6088982830205528,-0.7755946671993983,0.4697948175266105,-0.6006865666074841,-0.7943391053230443,-0.5821638433769671,-0.5268871810498545,-0.6452822050306011,-0.5816523440502153,0.07327221694953996,0.34265952116273113,0.7461257489710065,-0.9890066837738931,0.08040306077312476,0.2756231956292217,1.8815339765711672,-0.9779497419060899,0.5982830826456554,-0.22373171623140792,-0.022077264659970945,1.8506740558403496,-1.0557428466989611,-0.7523215737691623,-0.03906808042329944,0.685357467091302,1.2170929523569722,2.1984807860450517,0.3064834457063254,-0.161609857751981,-0.050199222541311636,-1.002408285289429,0.12614674160151076,-0.26220056979981415,1.4262589012921416,-0.09165031212226804,0.36126791585598694,1.1011812074508733,0.2389370218995456,0.008740669991230859,0.49584148007574186,0.7944661112898459,-0.28851017676932494,0.8357160801706044,0.00751094102957775,0.11578392758459792,0.6585262930610968,-0.958622920280256,1.0058642582267197,1.9349623001176466,0.8671940479997385,0.5039723424658316,0.9635141729772106,0.036366461550925384,0.025635508884387433,-0.9521907672047532,-0.637860358311447,-1.2298940886883711,-1.4915054914971988,-0.39038891535677944,0.4359074674852092,-0.8862875134222932,-0.8614097590043713,1.5712027684204646,-0.4492956444751989,-0.31464135081411226,-0.39702025297895194,-0.15197229706859577,0.8762689473300311,-1.1801385836020142,-1.8794543400588115,-1.1957515091773425,0.7572693427344863,1.1753788215248633,-0.003947176141884947,-0.5447691727245486,-1.045701550706662,0.8486405723311491,-1.3151665146741573,1.243428214542268,0.775918803530835,0.5847853817885886,-1.3748904025559698,0.9261169477087496,1.8130239199491383,-0.36583310255301243,1.187148627839189,0.7051616377971597,-0.1599835822574144,1.090628874882766,0.5692554910961616,0.38859887943631777,1.416991919338739,-0.7239104947829146,0.5183455858055928,-0.6997384158604911,1.1605228665221832,-0.8662517049390283,0.4480309477115849,1.0254368378869017,0.5216743754011178,-2.1894887397047667,-0.7876546883782058,-1.1279820316993951,-2.101389759521603,-0.566464977784862,-1.6234638861103219,0.43994583861934006,-1.4458764288781412,-1.0579065207364677,0.607992330871317,0.19043534823231553,-0.8531109864899034,-0.031524074041749936,-1.2155762082468398,0.9065584315217526,1.0017729044181027,0.17306515167033024,-1.5364067761875073,-0.647641655919585,-0.4942872466933797,-1.5922595989611206,0.5412870696885551,2.7341989205041437,-0.17402966289043717,-0.3579723404458438,-0.8644297476631434,0.16568407728758924,-0.21557573023679605,2.0234958730151056,-1.6771305329414385,0.5687033203571555,1.2248989018761307,1.500912121102631,1.087796693200952,-1.2282967644364895,-0.14345457196619765,-0.5289906732511379,1.866232543285527,1.9693816040568857,-1.0658365808846775,-0.5369280398125564,0.5263757025558709,-0.0399771693839473,1.6060833145281277,-1.1465853443326501,0.3905958946209901,-0.7224999574000672,-0.6750340991697233,-1.9857351910813594,1.6701770961475433,-1.079220103790065,0.46185285814898963,-0.7481140506114652,0.05338293464389602,-0.500066476677489,1.0662772236187048,0.4373511869767753,0.6403192470499658,-0.4995380255077284,1.261544167822431,1.0006238167761365,0.36267319544687693,0.35267489158833215,-0.1508259306913082,0.7651119350354183,0.5870353735523599,-0.8641366969699532,1.4974067193162746,-1.1455037422468524,1.7127578521862765,-2.119541138730292,0.43878018785373835,2.7879965832380096,1.9113202188483187,0.9902487946094355,-0.9767901234797414,1.0603362364023878,1.6141852138218382,1.2989846001566003,-0.07764394613562194,-0.6438538574740033,-2.3389718039009004,-0.9457951114054897,-1.4882644161261536,-0.05887476540489584,-0.24712316140001495,-1.1953631645992202,-0.7288480727518362,0.7568052628014718,0.4194472411069992,-0.15245342810039025,0.3411102610697452,0.4016488081848532,2.522677198200564,0.49006251422195973,-0.32220365455834354,1.613413500718572,-0.10088153677921992,0.49329186616391907,0.11757193995251161,-0.3904691495016846,-0.4073982237042996,2.903959403028846,0.8277816696130269,-0.9835872827029621,-1.5063809220613096,-0.24907011590556163,-1.3255357923563962,-1.020721846582359,0.17639598805339446,-1.0068843162163301,0.7830160868737983,-0.2986833266392382,-0.8062843159719028,-0.6343262936669308,0.6739656350244075,0.5643800023374175,0.1455039040802726,-1.2737203259649326,0.12373344386302504,-0.5017375480112366,0.21759095564978057,-0.5185885630433679,-0.2053588919324627,-1.9208137095134485,-1.429010815447331,-0.903896575479979,0.45517562086813546,0.30238827067285196,0.018323568025243136,-1.9580010228986102,0.6477099985839706,-0.9539910410899678,0.9883624289427063,-0.3443553530898124,1.003836186320669,0.7990691327792809,-2.14080895079033,0.4467791093121915,1.092463816350715,-0.7185181428294971,0.8423219570778298,0.2801130159675438,-0.023712400594306026,0.07222755370184407,1.4064461532679666,1.2398419349237464,0.9546509527484728,-1.7168448787436499,-0.5154826239493847,-0.7809397980122597,0.5908081944265967,-0.8661205415368132,-1.6449067413232763,-0.42069450433650607,0.26278659257162756,-0.33835041412484124,-0.3871892218889859,-0.41731513677211785,-0.9532196171265934,-0.6870824287943853,0.6049279012173071,0.00026077095483666114,0.5431081984440627,-1.1895393451664442,0.1202823257857658,1.7048305047296441,0.24946308365925254,0.37552337421954785,-0.8622157480835806,1.8662092570508797,0.806132819389599,-1.6937284080358515,-1.7581202034803594,0.8086502469429024,-0.012201660289742844,-0.543520543553753,-0.06532015011039881,1.4694740538504931,1.056060669719163,-0.20282776636929156,-0.545343997566841,-0.6692934306277549,-0.46983998284891987,-0.09548683564775563,-1.36677322944947,-0.6059840471437388,-0.5801102933333785,0.4759032065681429,0.8629034619675426,-0.8184010402422277,-0.7965249595826908,-0.4598990755961589,0.5852075356212361,0.08610187394404174,1.2249318836061607,1.3981228363596232,-0.11949853931019204,-0.5319515709405018,-2.05715551095242,1.0889025414147195,0.4019712365995487,0.5777153349975839,-0.19459681807483914,-1.255129546112453,0.07824554670141876,0.04867821488809322,-1.3944389427252697,-0.5110355940808283,0.46331269981145135,0.8295180023929113,-0.5773490697491249,0.7535139364788876,-0.7598037916953292,0.10601059518320859,1.60908282084808,0.528653979575446,0.1559896574065909,0.42240340671476495,0.1890393845759223,-1.3727515248653501,0.7680537905471264,0.9076096463437168,0.29366208525934184,-0.08191879165800994,0.24758051025777564,0.15813009318874205,-0.2467103640002327,-1.1475095198380185,1.3789750808722805,0.16058961030965208,0.6911456654849939,1.3158189074044284,0.7452550069521566,0.43951115647694117,-1.104313789856407,0.305248367144831,0.3339792735541936,-1.4040333205682183,1.6521118330442979,2.615304098338021,2.3117515761962912,2.2521966876883006,-0.6878753827075225,0.33049380452428584,-0.9530097605427631,0.3319645086339364,-0.6473191677338409,0.19569942675678767,0.1331034025591325,0.8430782900637472,-0.6694199831226662,-0.6631173899782048,-1.513307483576515,0.7575029343309555,-0.469152645102313,0.953725493063437,-0.16871256195384804,-0.38065440170143616,-0.6323959079295504,0.4062758589764636,0.08374678857973532,0.3523117573207322,0.8636084740317549,0.5154206761881734,0.7696632550654355,-0.7612419305098164,0.6300751073180072,0.6531570184545463,-0.03619699318208763,0.808916414270132,0.7437716051479041,-1.4676812062222702
-0.06283268965798607,1.0352032560858369,-1.101571889237004,-1.354497012786983,-0.5753537995985885,0.8088644229454226,-0.052560780479752114,-1.3405415998005958,0.34371725867521064,0.7057708960603697,-1.6772150947494218,0.5870441421213326,-0.15724230010575743,0.5044247218125044,0.03956860588932355,0.7901896223647717,1.5866039765153412,-0.6322806039154086,-0.2792613038924408,-0.6123085055319939,0.49615547082007405,-0.3524286016782898,0.16878571990935762,-0.286327659129674,0.9106664145352203,-1.177745415712999,-0.5611343542802563,-1.5188596851783438,-0.4943000862173111,1.2361023500627066,-1.2068271748223665,-1.0117753114891428,0.2827094671125073,0.2648926997622738,1.3705215948688243,2.062053672372267,0.6014996304650794,-0.5936971667981773,1.4215447880215368,-0.91104568572491,-1.741346890312137,0.7280626364468574,0.4186549274441125,-0.7883986784400565,-0.25488197651366085,0.4279554502715063,-1.3084459188836213,1.0491017278606116,-0.09496605181395955,0.5092326327268883,1.9252737523831727,-1.176208365147775,1.3536436093727708,1.7853048474339455,0.9613067619533496,-0.10042150578151478,0.016230884137177923,-0.639971015521611,-0.5955910714139666,-0.6097720470833654,0.22608370203179193,0.854797185459244,-0.2331764799747034,-1.3449208810795776,-1.0199603388816247,0.67734935587552,0.09593827820695779,0.7852091989794113,0.754435683085366,0.1627576946271997,-1.160082631378138,0.25176407776640564,0.1309130301814774,-0.8849226234810974,-1.2551642625407649,-0.20191533836810535,0.6931758592150221,-0.5478881106602395,1.5026457171738052,-0.16705057212797492,-1.5371038806790784,-0.49261363202322034,0.43911634692592416,0.3807584222756012,1.1168127026681416,-0.7988541080928335,0.1556467396515121,-0.6664041440479959,1.3092266926806542,1.5840008018277079,0.36035950530159017,-1.064636065551005,-0.421718403906852,0.5892425821653813,0.8248249950676646,-0.03946020347603621,0.13353743539588547,0.8423061116925029,0.15154061296285692,-0.37199818647832533,0.207064571495341,1.614615161294291,-0.3041924875796343,2.7793968185540625,0.12040254059416602,-0.08814682013562498,1.659695254753158,-0.6884540342887627,-1.859323920804282,-0.6156180835836403,-2.3040886767854256,0.4388584438790336,1.696272696646963,0.3369064673094472,0.889177512470476,0.3639053737565688,-0.09631863077516978,1.226232966580511,0.4844589565328706,-0.07410614626298527,-0.6707009590303714,0.08608664953597885,-0.9911412924978168,-1.138576374885139,0.142704089058822,0.2771104268948267,0.08288279560962752,-1.2090124087934653,-1.1955322373249115,0.4673067136155785,-0.33564177979105164,-0.15123982728703902,-1.9414067484701458,-1.591345108848915,-0.23992960084159046,0.6297005006714564,-0.3114588390546138,-2.5629840538173485,-0.8838094583055057,0.8925362088310982,0.661739224164565,0.5238433991281073,-0.3887850575770002,0.08479638399437078,-0.06233100911676062,0.4764211320523196,0.7527374276166778,-1.0111622990139841,-1.262752230299891,1.8391962466858718,0.019381637997847822,-1.542322614140906,-0.8444122013700613,-0.1760985214588855,0.710917919067696,-0.19852884926194903,-0.10187913069739267,0.7137439521420041,0.279516844190698,-0.6410171619429845,1.1025747588655754,-1.4038524113988844,1.4850610116500615,1.7476956165006057,-0.9519107815238504,-0.2663409406719034,0.48502582342681394,-1.3174706434113483,-0.34440582737087816,-0.24372836665801167,0.28142781995137095,0.04183761793714717,-0.17819593428697453,0.561750723205616,-2.299944134559027,0.3915334850823167,-1.7404937054349363,-0.42692435117799193,-0.8291850155989414,0.32369340568854255,2.166210589449705,-0.48988660754757957,-0.04623887072240489,0.9241172916456458,-0.47855868149836644,0.4226870639218466,-0.7060166898898863,-0.510314971101811,-1.0036085504084926,-0.35430853857916844,-1.0918226574810295,-0.1297329670942137,0.7496067087690251,0.15244782782188598,0.013894398055054618,0.2811831136763232,-0.9061630254170497,-1.2882833414098405,-0.6466281445809982,1.4686142687657913,1.3621917084613042,-0.5052330933995575,1.1680642638352885,1.9236552799601454,1.509463965632639,-0.49923108210629097,0.820395187475325,-0.09424549703044657,-0.8331018644115438,0.706301662015589,-0.5224761577741152,1.0236601460469463,-0.1397906313765024,-0.05465634469001815,1.0786923916562603,-0.06471953109593132,-0.7137617298562478,0.43708580037064837,0.23902133346843907,1.1673463519580074,-0.15606981396369665,-1.7659521837932446,-0.33431511187573,0.41223160796455016,0.1299905940764948,-0.3914039521687551,0.3220083634406217,-0.19662834279780447,1.390017814404183,1.0724798787176226,-1.6139894614170833,-0.1077188785934733,-1.3979290222798781,-0.3633425461054971,0.8290751350477059,-0.19882087751386476,-1.3055019323356534,-2.5269998448213755,-0.20342614355875344,0.4757315067061707,-0.7975606469338462,-0.377102700607273,-0.7659971061750737,-1.0334872930822991,-0.3018822328639685,-0.5756237103104228,0.3438595612514434,1.5314555349891406,-1.3221796451566599,-0.8851913318875207,1.605830843505018,-2.0319536356213823,0.8920290691318579,0.621485826333731,-0.10102200471478626,-0.13454399626848737,-1.3686004252692372,-1.3901018953839501,0.18461128322362985,0.6656009420169618,0.27705787960183426,0.03308855158216341,0.18130223995932748,0.4044996062850057,0.27733176024323763,-1.7069982307146,-1.7141640461372556,-0.7617833328208429,-1.6944032983626103,0.6662236424133894,-1.7834119649402504,0.7509095434247816,-0.7961109326209197,0.9175183032913068,-0.22663287765142598,1.2605306600762367,1.0318011033083334,-0.8490908773961846,0.08840898094655554,1.9061880019810038,-0.4962797673324025,1.3537285411537272,-0.9798217049260688,-0.7310614127596269,-0.936765168561299,-0.6388314200891527,1.0745225820767605,-1.5181275416867408,0.6627303648588061,0.18280612016381517,-0.7094783413989146,0.6396770022637224,0.980678354883493,0.4927860405935055,-0.37479513218661864,0.6741538925984077,-0.11793526670380194,-1.9345268282488943,-0.3876800017295289,-0.10602500084686957,0.11509067342261926,-1.4932244926004805,0.015305968531882833,-0.6134563222517236,0.04972055113721218,0.46202528787145836,-0.8418482469726156,1.3565342626846644,-0.6759911876784506,-0.2206554862220497,-0.12689948645455348,-1.7180005550777697,0.6311959079195593,-0.2191468963451175,-1.0379842612739807,-0.07647853902448813,-0.853215186355039,0.6826493693987481,0.13631520582828183,0.13189992012661686,0.9241794523973297,0.6224969113343538,-0.14029680922136525,-1.8380293279417188,-0.1288797946513733,-1.5759178835600256,-0.07588300049104571,0.11073472201566673,-2.3069305628220933,0.9115824568907449,-1.3032824373346774,-0.13250116431005352,0.25775218893878665,-0.3779541192457176,-0.4111065110936678,-0.14310729168976993,0.9486378802140838,0.4879957870223868,-0.20005425482690012,2.06293187252904,1.0286904169163495,1.5583165549865188,-0.10434203173159166,-0.3884979776446133,0.6465646441947529,2.8016987118660484,-0.41200176796603527,-0.06064337899817953,-0.3220782355139037,-0.39270383719696395,0.8659393247190177,0.9210937421009211,-0.09962812353353082,-0.052066930677842495,-0.3420807086390339,0.8303302636499077,0.9879973690056402,-0.04333556312852399,-2.1477849441632895,-2.7632151157754103,1.01415117328504,0.7040832064039461,0.8846589840060406,-0.42850324671305023,0.43350723597775415,1.3553465307429946,-0.07210392452244482,0.19164918878921225,1.3333306754231473,0.013333048640939843,-0.2343073567279503,-1.1636534503902294,-1.3887886364436561,0.8687079586220431,-2.4241523152845157,-0.08697863824900837,0.43003854379888556,-0.6638623806198919,0.42993349579878243,-0.27526543079182253,0.007804728038896106,-1.7752776878080465,1.2318665558391768,0.4776820298081517,-0.5011192190430207,-0.017585885611330433,0.13189158525333547,-0.6260520426171057,1.178919376448469,0.7031435099954139,-1.704649670881951,1.3513886235021682,-0.6514356804454489,-1.1508218502921137,1.636975698014883,0.22099199414999868,0.03617990126828288,-0.06286305748216922,-1.2254164225075137,-0.20823063032406355,-0.3753475766368205,0.055140714321300584,0.5943085558468643,1.1264111810699131,-0.5467559973764747,-0.16061505232297932,0.7737478066124293,-1.4606781450871582,1.235631131571074,0.47470499169719715,1.1653035408011208,0.5266292547288589,-1.156668162789867,0.10489098054223955,0.5368418308736884,1.8375762046665711,-0.03922387155838491,0.9082838245241999,0.6950120283209955,2.655449042576953,-0.07688480518798929,-1.220577232534146,-0.23881376124197176,0.8750237339841862,1.9481181737627846,-0.763072706940612,0.1835498634558108,-0.8435239755029257,0.18157263396174703,-0.7069751709162508,-0.3531987862459231,-1.5175691272744198,-2.8144488523517595,0.9755250944166677,-1.1163032300146445,0.28851713830682313,1.5852809743711862,-0.6781328410467765,0.7925440722855468,0.13545853202105765,-2.436500324489036,0.2263031325038326,-0.09856158382589586,0.5796253314202234,-1.0406973087778773,-1.7816900232597057,-0.36807056133447114,1.9482568556997368,0.686133303983077,-1.230128391903888,-1.6672537713392326,-1.3648027879969418,0.19188859326601565,-0.5295055848765003,0.4575784554006039,-0.5561738192170884,-1.4679040605975313,0.868678547582423,1.0935342564738633,-0.22185949638155217,0.6928182944359006,1.0295871504649659,-1.2226425343317746,1.3456872322178461,-1.2206397947964545,0.9367727951589772,-0.19043405277749256,-0.3486766405881968,0.3881897802488506,0.507941919933572,1.6051601517351075,2.1386944052623127,-3.1800694354818404,0.6821288072805131,1.145018257820829,0.029873539250875183,0.1049737680465235,1.6818401045825782,2.162523430102007,-0.19087208515409584,-0.32693365494268223,-0.05759514864322925,0.6024279941860571,0.9387324833825835,0.5155879499060303,-0.9150077429609881,1.079602941682328,0.9297879228633906,0.7088887866205743,-0.16839593621000382,-0.5449678748298261,-0.6491774286043841,-0.5287244989522164,-0.8053552791206146,1.6026795700728367,-0.5974622601477428,-0.26736771934956466,-0.9627944903736518,1.3943049234382645,-0.6021779048082726,0.2901546292928184,-0.5173934931945482,-2.1134359275171426,0.6272748098363962,1.1227725612651123,0.7657260952352388,-0.5313448282899726,0.3918078089989451,-0.01679842566121234,0.7161380851762157,-0.7830691754278427,-1.4476538094512341,3.6426764931166065,-2.2499428284425522,0.4947308471287477,-1.1016729043736813,0.7206361591615672,-0.14836811042098283,0.08631414937153888,0.4311011842748289,-0.007795500701691328,0.9152516905418849,2.1758306854711242,-0.4600326888904718,2.572900968555597,-0.4198238462826352,1.4961815507574554,0.986700714042467,-0.05857080679076302,1.635509325388768,2.0365970044631436,1.0196761456844712,0.43772136669919764,-0.11650080696367321,-0.03985205387171605,-0.19486588682415584,0.34809306344651,0.27990141476320773,1.6633666950688712,-0.690202232837224,-1.9843356815806579,1.1407186083640364,-1.2891299138767094,-1.8028377707183767,0.6587554394765481,-1.2939575708519637,0.11427900546341553,-0.2996282301552628,-0.06216514047296103,-0.7151359999026832,1.6327667974781377,-0.7881229659427083,-1.378449578829382,-0.9784352523447926,0.06289406718581317,-0.4021441809607517,-0.1314315914611616,0.6564454871863064,1.6105600012187535,1.0758242278604198,0.7045959899323384,0.7648322674768027,0.7282029724052596,-0.8489712578112344,-0.6045384874562554,-0.9505521824528737,-1.691161745237606,-0.430279523676561,-1.6894183584875582,0.12706433071987078,0.8840630656415286,0.9510797737359924,-0.7183258716733701,-0.8045707348062481,-0.25578975425818223,0.9383611374896597,-0.15584565931351246,0.4235599624467845,-1.531216167652777,0.12452199362748692,-0.09814571181219285,1.5390371085005066,-0.6117877960528227,0.6638810024968247,-0.1280078227515631,1.0772156321646007,1.2275780759713906,0.4328361721748608,-0.37344339364983187,-1.9077819982397748,-0.6735472704970256,0.1442099491662945,-1.0302178039278607,-0.2366397114158116,1.3602266830491176,-1.0684009875144822,0.8313131035725811,0.37372861228876514,-0.677393727392681,0.6457399764839222,0.5864999797664179,-0.7974951529479537,-0.8565250291389787,-0.5747254049897447,1.1734206725155294,-2.1378223697472944,1.8813233400027776,-0.7842599994148213,-0.3932176651998125,1.0623758765111107,1.1791264000319703,-0.47634901082318515,-0.1497499457603504,0.507866477916028,0.3893648749038042,0.23809147324955976,0.6294682846299261,-0.6679402817352272,1.380788466680945,0.7766113852640223,0.6206829416860415,2.2193097016118695,-0.8569873710590238,-0.057725372394321864,-0.331442739023876,-0.8476096834485664,0.24136693984996208,0.3636771852789275,1.109037743896221,-0.75557839431934,1.4217109595814998,0.029309968313385698,-0.8328624746933184,-0.5658657416222933,1.0707491011524972,-1.9169487618714829,0.5344847505040313,0.8579150693768012,1.2400730788719971,-1.8772821002439495,-0.819595140844254,0.9659534290976172,0.08481329172378184,-0.4812168735900864,0.5086673445501864,-0.5017668202358107,-1.6760376618425217,1.3179157897037008,-0.5936236854737665,0.2663235770328256,-0.8551346860087944,-0.4517082235967783,3.024437647109681,1.3405384329862013,0.04686868915965528,1.345743124319974,-0.5767297960869224,0.42812725635606425,-0.4362719466637848,0.31381234533125146,0.7408798606817977,0.009002120846591796,0.4395968625770203,0.9406907837891157,0.7218707424594748,-0.3621392287317158,1.1986887403003914,-0.8107660787328588,0.4271052460335885,-0.643107850743388,-0.12004708888743118,-0.13273489094473098,0.6449294217007433,-0.4333730377642705,1.7202154766256161,0.641147620388935,1.3088293964030067,0.35256185635379345,-0.4332723024594746,0.46120754888888527,-0.652473623816931,0.996622251020001,0.022439990273958838,0.6887375405559836,-1.3995939715252965,-0.2503360874729595,0.15896601295371574,-1.5991957598784143,-1.3293556683552104,2.172999339855104,-0.04097487276440469,0.529299336294855,-0.885218337192627,-1.4025569143387235,1.3587138657170248,-3.211410071552931,-0.4839164797607944,-0.8556933237041295,0.1061948216516943,-0.06984162896393238,-0.5049333416529626,-0.26384433621757486,-1.4360472802381545,0.7430917633435021,-0.6769312885297996,1.228602387090692,-0.09671776553267357,1.8985237688703427,-0.5785570253762391,1.2754473302452511,-0.37989386716853873,-0.11474810264937647,0.1641978994773718,-1.2615971243784223,0.02594749546954131,0.5711978328187585,-1.625808216283369,1.5158832971903768,1.1836130818950936,-0.9539942483419703,0.7845731528910744,-0.6124695700382563,1.5212726821279057,-0.4287514535153397,-0.16857879201990192,1.1238315721849657,1.2038292020318628,-1.2654624847683231,0.3272802245279881,0.19594210602769782,-1.2088549279583312,1.3935391123712861,-0.3117681194628007,-0.1615749048093234,-0.8034135350585452,-0.6863128248582443,-0.36594453158104306,-0.9407006698539486,0.5210704720688976,-0.9903088501040355,-0.7465658174044485,0.3666682690816055,0.6114398233615301,0.6404593026401836,0.3715440327715563,-0.7363227608390833,-0.19992750592845535,-0.8573721348729935,0.8029852955845448,1.0155106622957915,0.46836736025311454,-0.07488639889412364,0.09569172317738037,-0.09942032355308329,0.8054740936660731,2.638448118719758,-0.7508349373701774,-0.43355722126522045,2.537244579125398,2.438255391203069,1.0291286855086752,-1.7955114248381907,-0.11408252004548348,-0.016722275887927615,1.239957386727203,0.8207394897606622,-1.051320628041069,0.1743189932640948,0.06442417476790155,-0.5469449932884223,0.9981009547208274,-1.4795729334815975,1.3208436333599958,-0.08021811452659969,-0.3726215102162957,-2.7294099401383183,1.632675475020788,-1.4072120389674496,0.3990324082394174,-2.037150737554869,-0.032514354219782035,0.9770250817519575,0.9997757833282178,0.1211166452852722,-0.36324149037483355,-0.4718872160592939,1.2947682163684064,-0.6128661345177284,-0.31335941209268725,-0.7501520922888785,-0.4621299110539199,0.859136624775566,0.0028255482234711736,-1.191629141432765,-0.6101376531764791,-0.11343185008074466,1.247106280167041,-1.0053648699301436,0.5259991250045278,1.0324252422496256,1.379504568694855,1.0012164775472367,-1.2698987809735285,0.9013971369860885,2.3536479781251076,1.3228089300277164,-0.40185615522628093,-0.2620818491126701,0.00041255827823906546,-1.3215585723668517,-1.704485722684128,0.5689504717464823,1.4083981502787715,0.03841219484271498,-0.6490830948430236,1.6083462516222635,0.5294780801189822,-0.08254068382376935,1.3475776431443518,0.6727527895765225,2.3743682163883024,1.546203460804126,-1.0860013682235041,-0.9606142762897272,-0.4545969444591062,-0.1156003667256515,-0.33987879844871816,-0.7519769002392159,-0.07156888505894428,2.722001969902738,-0.6793443712375135,-0.47186237671791925,-0.752256867037173,0.45357866504864647,-1.7569804354081844,-1.1216780584318866,0.48733112962204317,-2.1632509056114464,2.631536013318424,2.709843133582246,-0.7635790602281016,1.1770324677454955,0.02587150190520475,0.7418371326273788,-0.5934561964414422,0.413084594134525,-1.204229369262482,-0.8183800769171891,-0.9535447588617065,-0.7881512928640033,-1.2991146245517937,-1.1757524836667945,-1.7827813534437156,-0.10173843823949662,1.3073603383587018,-0.7531394799004699,0.7545666267755198,-1.6461691255725217,-0.6281623658795396,-1.7397061077682041,0.44748292707537496,-0.3624774229238473,0.7516658222350494,0.46816009998184754,-0.791543887718096,-0.6794513868772608,0.27616816457102333,0.7559181291849544,2.019734422300882,-0.08630637909249952,-1.2357373841753878,-1.5333097828603506,1.0829970079136726,-0.6138617037262678,0.5662319906390405,-0.02613150496062527,0.22417728799695522,-0.5290247579701317,-0.34795778627434415,-0.4286008145876521,0.41318995397092806,0.4683247200969371,-0.41126538603230506,-0.31318642475460456,-0.4232252932891436,0.5158837323583705,-0.1575993565255283,0.028866719126229425,-0.0008109725721820015,-0.018220395838517582,-0.14079816532970313,-2.414786561908132,-1.348400786229058,-0.31133097294485196,0.5837075015087061,0.5092528087053023,-0.41844996545490704,0.34365688450939846,0.34392161216649825,-0.9718645611991102,-1.4226721404396214,0.02883138675507931,-0.3356196472027252,-0.3606065559382999,-0.8946269891042026,2.0138036754909248,1.0900119534583304,0.7428977977857347,0.22892866715474705,0.8847761919123921,0.7778388110095142,-0.6449014673788064,-0.26822772177373744,2.2341343467350185,-1.5565009315611538,0.8936121390132326,-0.47844487883258585,-2.0520354604064543,-1.7244593016171619,-0.9039028158905623,0.11468649977653698,-0.2045173470124103,-0.7998941553983502,0.2971433948827968,0.7013055674497392,0.2458830883248393,-0.5500953127876788,1.3085939258071688,0.3539495661302781,-0.35188038026294555,-0.3472781195153513,-0.023685613431601586,1.1117095733313216,0.7375211121990871,0.5172420362638518,-1.3460783415529334,1.067767476069791,1.0080089468155156,1.5331723581944867,-0.6013516818622414,-0.045626631451225454,0.2532770376854989,-0.21780239415031655,-0.39533505470979263,-1.4995849814928333,-0.8003633019484651,0.47342844985366567,-1.3350832939300057,-1.2208327049042818,1.3320599835706946,0.17816558482231887,0.04717228345578643,0.09551229524029647,1.2459511711073026,-0.33206567043591706,-0.5491961947064969,1.0618910080495498,-0.02424002864410166,0.784967179216003,1.1880679404825418,0.09949724409195584,0.4543359028165256,-0.004188573360018257,-0.18034676894903595,-0.13914284507558788,-1.0311321551941752,1.2949015589181097,2.2104334322142667,2.1758700840811653,0.003908969455232899,0.7920978754519185,1.3613311279498823,0.6265140926342935,-0.9435539449473362,0.2008495786057621,-0.644714320819645,-0.8755928303167274,0.10060261953287898,-1.8088100697616067,0.4196402069814398,-0.6444970586955765,-0.36306739386309933,-0.4622401311897582,0.43775631025073264,-0.10127517259425237,-0.5554055412945313,-0.9286537562359843,0.08224455654102902,0.8784139456042716,0.19710463113356722,-0.9107173474803334,0.7550445873964339,0.9662794936534912,-0.6215732989229269,-0.1081404080375584,-1.1649223443065304,0.48949007801623773,0.5196501416744681,0.5351769324061205,-0.9499336760566163
-1.2687049504711834,1.026537820408837,-0.056016581466863315,-1.9058656430782634,-0.6196420263387787,1.3583988812374208,0.6010215110068263,-0.8830675209786647,0.6334923425698085,0.16134616789867579,-1.7681183408537322,0.6452582094234157,-0.6444102725060461,0.029710987112918443,1.3839091990653754,-0.5520990448656944,1.7929414960726513,-0.5598187516174042,0.6466930937662925,-1.4274538919740212,-0.4509359160912105,-0.9315856341759305,-0.139449095827453,-0.6745385681803512,-0.5766347230813829,-1.4272087267270122,-0.04592140761189615,-0.6653553777356601,-1.2717594899337463,1.2259751685506584,-0.2942066527198653,-1.7520550948801334,-0.3677044779552402,0.08471988481556492,0.31262054800328815,1.9997816114411557,1.6737416751909076,-0.19156322914855983,1.2640578047965032,-0.16296728255473666,-1.1683805253497934,0.30452391043970284,-0.5194070816986182,-0.29964410059516333,-0.5540648050387732,0.547888982756123,-1.057275677473181,0.15082571548975807,-0.7029534412025903,0.5839345085914142,1.5243922515427026,-1.5305396659267225,0.7968816509409761,0.9561091444961158,1.3985713397646284,-0.6303160798026605,-0.38786980339399124,0.0209711395698587,-2.175843443676758,-0.3130265998580941,-0.3125704320899413,-0.13325401069806309,0.4650105160576233,-2.0740497599879606,-0.4657161427222197,0.0855033784788583,-1.0464691043973438,-0.6268561749562966,0.1825237379787118,-0.3682158950813612,-0.26730470566680875,0.23092277367238495,-0.7877988863569039,-0.12631601804128412,-0.24607747425521911,0.097921350562658,0.7994178529812012,-0.9248637734392285,1.119634347381224,-0.2504179012269675,-1.8645436058856244,-1.4610626382511167,0.7653819806042673,0.5409228240788675,1.6218487136457573,0.10557406692806527,-0.38989245306713016,-2.095508295462889,1.5723307651003762,1.5469089691505662,0.5864832719097213,0.3360627895690699,-0.31104883575423825,0.29565747137891824,0.2724680203561819,0.16637156009401752,0.7200733328066214,1.9229474781102514,0.22873864847732966,-0.23399312526480878,-0.3232949003517152,1.761659189782349,-0.8124534195063505,1.8983287767223216,0.8471847447773031,-0.43049647278294173,1.5862232572080652,0.006087372070609317,-1.8084995186740616,-0.901692752637076,-2.7964416502000726,-0.4278315288416617,0.8944130694686945,-0.21071330548505696,0.6961556072124652,-0.15247178141558104,-1.379174971836877,-0.6242656196742788,0.5156958640095005,-0.2629807180780553,-1.152891882284127,0.6439919393719176,-0.7815041287126852,-1.1643209073331233,0.5733642610663273,0.16426408939957302,0.4972079601883519,-0.9990293536159214,-1.008856686943166,0.8521797099240789,-0.8310716527855349,-0.3087948752807102,-1.2365745039163272,-1.9263046775428014,0.17083647871088112,1.663255457526744,0.9152713255787229,-2.6580842329718997,-1.5775434688725607,0.37994604423175776,1.6481095886839248,-0.7101449508984287,-0.9925323639793984,-0.6797690712064945,-0.5753485847043652,0.6988162417428705,-0.32128340470053174,-0.6289523021314857,-0.8270622423919266,-0.2923659011780005,0.2871634781522206,0.27958629927548045,-0.9180240415252299,-0.327063372875331,0.13363147396252195,-0.7460250055944527,-0.15023737603022752,-0.2630531353364779,0.2376457369546912,0.13646760971643868,0.607797368932043,-1.4041837350517226,0.7965013048639006,0.718489797669514,-0.7969642704319995,-1.4918279160538992,-0.12306244026032082,-0.9558162656909434,-0.7689453338633716,-1.2358044690048313,0.9826386220131291,0.15878005454261235,0.006026673746021215,-0.4625326391233715,-2.9181628680313016,0.6865977688166558,-1.1895470093493472,-0.4886629137772264,0.2178985133142763,-0.3535385380810595,2.123177245820561,-0.5370409294346177,0.13532760935254312,0.989116979784476,-1.218334499295526,0.5612939169195436,-0.28886115622265085,-1.3903619223269488,0.38791532114888666,-0.7575032437983441,-0.5669265854943938,-0.145255127415515,-1.1706933646567448,1.1862420249694947,-0.96637429511992,0.5379836087491484,-0.6128676244994445,-0.3763538980953083,-1.4590406148296418,0.6080813642286598,1.955228744983093,-0.2339237022788658,1.4647456183973606,1.235996193664879,0.756483704943527,0.30162259101895833,-0.16316218737835964,-0.21266218935019515,-0.7379127874643027,0.6574102767531257,0.2897014702105712,1.3983943736089561,-0.7506365193584162,0.024889327445505812,0.9085710389053292,-1.0833207074602083,0.16367342467116258,0.1429653497862014,0.21080408656996394,0.05846306232620393,1.0560631416617194,-0.596206922164637,0.22288478065090822,0.4400356780743956,0.40349755705661494,-0.7721183914467253,1.485952867101396,0.24007170762380572,0.3755805123466604,0.9886609147246869,0.17992141999512315,0.07182037478444912,-0.8767922999220521,-0.9602693170370278,1.8928019786059842,1.0979683240097644,-0.9696808516135226,-3.127252949450828,-0.2722457751436011,0.4892690366679823,-0.6418325070088238,-1.212788613686312,-0.30075451737408854,-0.30158067266589333,-0.407144446765713,-1.9176395682872123,-0.800435450790931,1.0648251660307666,-0.9183422519526083,-0.4680310666639281,1.8938483658229135,-0.7264009121421974,-0.1681271665448442,0.6838973644980975,-0.2036678808031116,-1.2906791501111143,-0.9400543561441911,-0.3455738324866549,0.40120295110160187,0.9956215249666444,0.7698483284275544,0.38523420865265395,0.2586124099383092,0.2404207556369436,0.44109553250583955,-1.342893327926137,-1.20074784503045,-0.8690666875489943,-1.2749010511112144,-0.4295386991323643,-1.3653245609007703,1.0682005514484494,-1.0769456531402253,1.0305835874525828,0.5162345330846828,1.5603840820727988,0.8167252245768535,-2.46395890459211,-0.24259337115909999,1.6536647631845098,-1.2330442870737754,0.5476720535181184,-2.848881691951626,-1.1583665882963012,-1.225502691245632,-0.6262093364554785,0.47744044231808497,0.21712856167220224,0.1416195690112825,-0.2782855566402524,-0.25928568746707076,0.5760559998398888,2.334139811562817,0.6587307233038325,-0.579993349164332,1.2997614861701225,-0.5470398624726922,-1.1714931589408142,0.3877464833484439,0.03328486241019551,-1.148281173789405,-2.513097245280926,0.37811296058490473,-1.3062338707295853,-0.6390389952022463,0.21970109173137398,-0.25061550633890634,1.4737884141156372,-0.901060236925087,0.6255551186729517,-0.42890003520178105,-1.6237478767975193,0.9124503730308803,0.6253919207060931,-0.5373176364738051,0.43511951430776374,-1.535779360539732,-0.000961376030074285,-0.5787890467981265,1.1325779501067872,2.5400909144718584,-0.5971112229019315,0.3226515687498718,-2.2834006342034283,-0.7392919725529824,-0.6975710456740645,-0.07304165025227856,-0.9489205346826425,-1.672557996094566,0.2684746183464246,-0.009342006016912867,-0.6168715477578058,0.5358050681014864,-0.16022234367072805,1.2177169881268426,0.43619432858753626,0.31148670405593676,-0.3146119784893753,1.2948213038034513,2.0433741626184543,0.5226676404709436,0.7417492773272428,0.9625595974864661,-0.9485054555149992,-0.2862560924874689,0.98979306207412,-0.00655563285511272,-0.9713961121241776,0.34706858873197843,-1.0437285491686286,1.8080139342615036,0.6310563042027658,-0.30391283743173536,-1.5417654577132787,-1.772149444653395,-0.3258294778350421,0.22793961094252857,-0.23757851144046577,-1.6687315059206957,-2.3268357995585545,1.2930496173691557,0.3674049318232968,0.6399106794989883,0.7035607507596867,-0.6459547796249154,0.7974420282813173,-0.9885169568857626,1.1941023962760353,1.0984154246825042,0.6900034537987619,0.39044793335611333,0.3209126053698133,-0.8559144502828578,0.7496338582056428,-2.6410916229718078,0.3796755106558587,0.38909065533177895,-0.5036544361149259,0.2683145136156406,-0.2973589261049141,-0.4414840885427261,-1.1480063842471366,1.3572393735840906,-0.9095630732867945,-0.5809121898726362,-0.9608398375509702,-0.029135301026689327,-0.8601131604856059,-0.2947464739433915,0.08972966248543915,-1.4436117918114113,0.36295611005390865,-0.378738597285996,-1.4512437059626084,1.6560234708697017,0.45466977971050976,0.018206935625769353,1.5786647140519492,-0.657338041511079,-0.7076751055941073,-1.9016736241096783,-2.004808392473767,0.6765299833728875,1.6066468842995971,-0.013807428918400744,0.1173787514694151,-0.02975167706359814,-0.07000581004541091,1.117896378482138,0.2957344398015985,1.6520973694516234,-1.8220729270435172,-1.4458703923112641,-1.076586041050298,0.08367907953233687,2.221491488518596,-0.023213953674656125,0.6607051610386678,-0.16148745129772732,2.5335741046206586,-1.1390554393091867,-0.43338621104750574,-1.1674489203622473,2.061576966598728,1.0877860799109358,-0.31819536662773173,0.16803834762155545,-0.5561856810110399,0.3564816079828222,-0.2665946087870058,-0.15357053253188752,-0.7974997689813252,-2.8374730170971025,-0.444255745677972,-0.3123723505251416,-0.4248576284466517,1.3954706331597293,-1.4563415333716894,1.2717155188543385,0.2828869216242242,-1.27126422687465,1.3733007419355476,0.44706951733892053,0.12147825352190256,-0.6238812398465526,-0.5649829076979351,0.1851575860216587,0.5234691883165096,1.4374106667383837,-1.58634566451123,-1.0298637134962039,-1.4972684957035973,0.26414742563959026,0.25908716766815937,-0.4650545932942513,-0.8443566603944922,-2.2042584580997513,0.9846027963448947,1.2490829344958794,-0.16196215459057792,1.376017605452732,0.8194616936347235,-0.00575090926425998,0.492300795373625,0.3589997504347525,1.2722538841729918,-0.44888025357880174,-0.2984001036667703,0.3409194147242464,0.805055097960497,0.5786530124494652,1.1744180473519625,-0.49451031334685264,0.7073738817576771,1.1392696523907246,-0.19031543850844457,0.15855697336511632,2.25687664871444,2.597837465015594,-0.14418218987816966,-1.7143490962994246,0.0011078967294743244,2.0285648918925805,0.5791665053505052,1.533703914686416,-0.019680132271671733,0.7104668755212709,1.141127488243913,2.19777756720539,0.17071111027618735,-0.9559698647410569,0.9513332704749284,0.22332065550900135,-0.7258930171419301,1.0330580244241068,0.6676293874263267,-0.9911347517741453,-1.4642872017198154,0.8779528756053424,-0.48097990930459844,-0.22284498276981637,-0.3633846762414959,-1.6760376203520477,-0.44546376934156195,1.4909237419572172,1.6272214249619037,-0.14433883310672743,0.742646581057909,1.136357925175137,1.1262820847468886,-1.0948081819968187,0.01597577193540795,1.6981727939250795,-1.135621422001914,1.2805176748687894,-0.8545788279280281,-0.07955526162860695,0.00911290578699624,0.06407816929503515,0.5460092891945718,-0.2239431535411039,-0.10535473932300791,1.4675589698526208,1.60466335418173,0.7707022394163614,-0.08766302251561477,0.6530112401876764,0.19953104367185162,0.280467593114159,1.8980503480638942,0.6005114989813541,0.3317400610124527,-0.06507450306977,-0.38421125622597524,0.4117170732235011,0.49258473124663316,-1.8135303388567887,0.4097524162012659,1.4080046962579715,-1.089985264207356,-1.6373542715032507,1.467841278906836,-0.514874377588028,-1.0584291450726626,1.242186494109179,-0.2747698767321877,0.5006235415979513,0.042703386237638384,0.031004040671607898,-0.7670570105014861,1.3843736303618455,-0.6760002406787924,-1.4716101088311961,-0.6938624268934058,0.4821204088893358,0.4538370311742617,-0.434766434066163,0.4094925817455941,-0.37832541345819587,1.712941441291407,0.5568478802922375,0.6861953323489022,0.9739239248544886,-0.7253119683652038,-0.9188455253153421,-0.7312951232170057,-0.5745559851679074,0.463993534516867,-1.6698470212183723,1.2321372688807006,1.3394949164194616,0.8784440416225767,0.16334804161295435,-1.031962765916339,0.5788131024590142,0.6194832202862225,-0.8044457598459108,-0.3105805366825564,-1.0083450515146384,-0.3075824739529614,0.5327318077800929,0.4595479325303255,-0.6309118155958829,0.6929755887360991,0.011077761860129959,0.7202774922346786,-0.02102924448085087,1.0731920135690327,-0.8952973026523685,-1.692046547955923,1.6076106052580357,-0.1763212941654268,0.19146222078196254,-0.9865296464406186,1.2785062615043592,-1.0897383017754132,1.6793222213674888,1.8385271394615044,-0.5096003757631903,0.14688339960207608,-1.7649471247211448,0.7182499573957267,-1.1608278537149452,-0.4134839390777851,1.8042396069894686,-0.9634741395864403,1.081891582291551,0.20096050350871889,-0.3339353766455359,1.5635344607619317,1.1017749529509677,-0.005164030037506394,-0.7823363226815954,0.4099364128630075,0.7095535604027711,1.164772059972332,-0.5706139117730488,-0.41130547087514885,0.7869966460142669,2.026459145018898,1.3082446379027175,1.2091909679925887,0.2849711935838449,0.38973960034777605,-0.05719290395936693,-1.3061213300457524,0.03320682056172356,0.29064923848930163,0.9224262920459244,-0.4253418415774383,0.4854897227606515,-0.5685367509212736,0.35495125627433416,-0.0579609495491024,-0.36124771930012434,-1.0573733887265653,0.33186096935851617,-0.2965324482986723,1.6353260622630277,-1.7148601538551103,-0.5616120967652464,1.1500253783558845,-0.46258699362317357,-0.10484336985362651,1.989532810448642,-0.15096124867847244,-0.9010288288056671,1.3437753619151316,-2.958771195966957,0.21507326291579873,-0.9721616770005925,-1.3823651526894651,2.430404933236966,0.670655814192876,-0.6257466510864907,0.06219727165638511,-0.9478571951692364,0.49152463898765764,-0.2967377190662946,-0.47236763421059147,1.008424907537958,0.2618969807974544,-1.1778146111834797,1.434851375174658,0.6105163041527122,0.8851597590946979,2.4263341240094483,-0.6102745766061952,0.5779116381619377,0.6683564850878013,-0.2357576279575554,-0.4437750808495775,0.8238064072851127,-1.2021538527563422,1.3193318186742895,0.23879408593930182,0.9779907468981758,0.5462449433836839,0.18342336314978966,-0.33329872359098267,-0.7774749774326323,-0.891720111450221,1.0636617085089188,-0.06444722690804723,-2.2126251088570856,0.4272875840690804,0.04411697409225181,-1.2410844096040001,0.15271150595281527,0.9557649678733502,0.3448835613815693,0.5264080941408398,0.8668834404353486,-1.9775082915982167,-0.059297230329906525,-2.420766336744686,-0.7145207710976937,-0.8722803153634856,0.2387748990787086,-0.08937230605409598,-0.10911161844871864,0.12092736403742274,-1.6990845201635683,0.12514042768513992,-1.1154499098070836,-0.3926235389706045,0.6292962589207671,0.8492063696857226,-1.0466991706459765,0.36282728209782134,-0.599388556604593,1.5710603491773905,-0.43154446544685005,-0.9653726237455352,1.013294380991228,0.25166497781240543,-0.8684449822918868,0.4665564500756691,1.482195564733279,-1.6869039061262834,0.016861001116135414,-0.5311419343278675,0.9472649690979765,-0.7377696847391068,-0.35579385054422996,0.49396997044032886,0.8564930980729569,0.7577965100217687,0.602172790567369,-0.5974758001952084,-1.6193435862984993,-0.5516895366205916,-0.24309243766927893,-0.029420681413062096,-0.8553196964204193,-0.14348346993927946,-0.34789602723608193,-0.3157823676273208,-0.20216133169559908,-0.31914555773576603,-0.8211374457669299,0.48120348893515236,1.0273419308852334,-0.011260743309616551,0.7517163128823606,-0.27793061331870783,-1.0002757846497794,-0.5936517271744057,0.3473725536761686,1.2058956743742169,1.9197273705095232,-0.45631521965252725,-1.1827681601443676,-0.847071913870027,-0.9528340601567625,2.7611542379496314,0.6287860788763915,1.1493068053663142,1.3531911041148388,2.5126986718140802,1.5124839171994064,-1.4927226448408062,-0.0774676718864793,0.1416485440724914,0.6365317734642592,0.08289833176207141,-1.6721695698099657,1.1352530089117794,1.4554963820338351,0.05111384380001521,0.2676105103884995,-1.634196686932578,1.0218767788473042,-1.3691933199003459,-0.964168333426871,-2.98668003652392,0.4314719969074497,-0.12694027801665433,0.4997779966560016,-1.0357089499773728,-0.44941266330641594,-0.15246623213397553,-0.19468063161648977,0.27110920976654806,0.651793641260042,-0.47556813094875655,0.8868422736231609,0.7734955941387445,-0.022851027847356896,-0.14145405760122667,0.007993443169035308,-0.14884447714882207,0.29657285197586536,-1.123555947826338,0.09259233464968367,0.061088230422284895,1.3043365979877442,-0.6093932887905013,-0.14309834581631772,0.30844692235794663,0.32491472450232645,0.036682107227161975,-1.9863897016437944,0.2094021829476826,2.27010556098252,1.6474904442454583,-0.5364303824058376,0.7362626195831408,-1.6442195083496156,-0.4925730514986595,-1.0470154868215216,2.265959634833171,0.54102056017582,-1.6295090183813434,0.0598230161537059,0.9052199865973912,0.8863944876091622,-0.25332289865942265,1.3442526737128062,0.28546673936752404,1.6379624834287185,1.7406876862065341,-0.7592097225338321,-0.13007164853002195,-1.6483279266873094,-0.5213329465593125,1.3177605803113135,-0.6314719294328636,0.45955715430716026,2.3113274203422867,-0.192258640139819,-0.8125433470173317,-1.5904157749346877,-0.3966081465395054,-0.5705045015256124,-2.0861222970053643,0.0932568658009122,-1.9181399057819455,2.2744748754862885,1.196551760163135,-0.06180685799091883,2.3745257270947455,-0.12333941630311182,0.12278286569817988,-0.963878911024456,0.36077961070837344,-1.0383035780854974,-0.865866409725733,-1.1140986640155857,-1.3117968912172728,-0.41733862749129164,-1.1901462545722237,-2.5297217664260234,-0.9069346732200629,1.0395584937835423,0.38262395129105664,1.1115873041162272,-0.11266002493169805,0.06488024386838752,-1.267955294138262,0.8811316036761615,-0.4021552774250376,-0.7805978201540799,-0.2043509547918865,-1.0452168253241885,0.7100259565261245,0.20527308870674996,0.08693433282090135,1.371525572827122,0.06890593607658317,0.327307535697561,-1.7211478677007352,0.12403623575279395,-0.09025297468035254,0.662215392811679,0.19657664756952892,-0.9666939738949558,-1.6115403284836882,-0.2649978937055241,0.7492800689312864,-0.5188814582431142,0.43020800053420905,0.43207675778790616,-0.8721308163490417,0.10043173534398742,-0.4489066033882964,0.5310278737339253,0.26737681744382624,-0.5136396951801513,-0.009638758616074947,-0.24166961299437728,-2.2080693141347676,-1.5007527317461005,0.5543271773914247,0.830348038891451,0.3267011265259015,-0.5549149439457282,1.1050852930397501,-0.43342247930559974,0.4959073520558539,-1.5112798956448146,-0.12495750841296284,0.4171647281466601,-0.23205320650568717,0.26889935435805223,0.016450914863215125,2.0826959721450597,-1.2532469308318783,0.942362792652798,0.6667374619325214,-0.7459238807491215,-0.7669596268648572,-0.41968558300754705,3.550689495151653,-2.1566428385687795,0.19645110198670762,-0.23216539641734207,-3.2862197004382936,-1.9085572712634518,-1.2135724201417912,-1.1388002099065702,0.19510879132373418,-0.19015524497265165,0.3631480448867182,0.9734967074919446,0.4084321212558751,-1.5430298497874901,1.6241692320194083,1.9156828901320415,0.05292196298549798,0.08484276113183455,0.8103864786672031,0.6355119188215022,0.7652946307962968,0.3644132644996659,-0.19368292779075755,1.585642775537681,0.08886144208890275,2.001599987259392,0.3698450762528604,0.23274463893592706,0.12832532103539274,-0.3355410163162042,-0.6910777915046926,-0.9970257835751543,-0.7171477228578961,-0.9195019084339343,-1.511961740505893,-0.15200890585375385,0.18074443586611944,-0.7107317170887738,1.7313716196248223,0.6069976130287985,1.1326992874448822,-0.9546922269436505,0.2139627033941751,0.7538771784701971,-1.6106441257024833,2.730218922021435,0.9400049090636137,0.15545820363588703,1.287886019766895,-0.36000325121937626,0.04609417704365411,0.07897031815680856,-0.13479456541507062,1.143697759330712,2.517110735049285,1.5506268346149952,1.8857184735071397,0.5010746846431895,1.6588650628104913,-0.14340011072734665,-1.1321174265899372,-0.10265243405686199,1.4281147162412695,-0.0919075137558311,0.2764841908472754,-1.057644592228215,0.24430458408425537,-1.7615032906132502,-0.7619539639371425,1.1705502895858504,1.179742047170659,-1.269610817896618,-0.6107448104284765,-0.13942834771913032,0.7611884768623384,-0.6677596301934391,-0.2030319896108334,-0.6005779470766177,0.8209034254841265,1.588196116518848,-1.3564829707141421,-0.9407123274019399,-0.3328888114435318,2.140498918541238,0.8362195226428779,0.5467850868731026,-1.0688306808866985
-0.9380906800566687,1.194633075052276,-0.5028784485359882,-2.3699858178861652,-0.2564902499275235,0.9661688450681816,-0.306316829204013,-1.7432545783338218,0.6870205484440349,0.2788728522358188,-1.1723801199572998,-0.3207170367167177,-0.5986236741189453,-0.7355874726651724,0.4163286647145695,-0.10559042936248869,1.0601762083590882,-0.7711980025964916,0.7447450612093276,-0.1981835703636048,-0.23864885366091104,-0.020028609702242246,0.528297017428546,-0.5261135181733394,0.38974146523588343,-2.0392533789311393,-0.34494255620546116,-1.0942237247385895,0.10455163079686369,1.052513551576194,-0.6432110943886695,-0.9866555652571493,0.2832994184680275,-1.2764286835544838,0.28263043282196504,2.1022954855709433,1.4282971616310671,-0.1716095488006047,1.2576657819416206,0.4514939293133946,-1.5647642174504508,0.8979928619378641,-0.898975798475055,-0.14544192239445602,0.3621493092888567,0.6334114992716832,-1.2117066225868165,-0.2132062233001491,0.24198438941637654,0.5250553417351491,1.220036521284017,-1.4408560714116465,1.2073800174849696,1.8183779209601258,0.8579812025185575,0.24728499041413757,-0.2883482000033072,0.25017803632427965,-0.18166457161401736,-0.7374495749432247,-0.3932516124998838,0.6108102128168124,-0.3989763315969157,-2.0197723475713736,-0.3206936535189153,0.5057305254516972,-0.6063707339556809,-0.4792876934865344,1.0671091695396622,-0.009639524760921642,-0.03343645893922083,1.0301326292124533,-1.3048718975830647,-0.3006489643714096,-0.760821966751034,-0.5789153489570785,0.8485538722077001,-0.6937830864033858,1.9676663227999578,-0.9658992093695647,-1.8598822120170044,-0.34644324539992416,0.824292579091094,-0.4605664440417096,1.1308106987036572,0.002743260026185867,0.14842849059184135,-1.7359905697406517,0.2468472473658322,2.118145030154855,0.14642096133538912,-0.3747749147197258,-1.5887063722213657,0.29933119861237567,-0.08767296609691495,-0.20506247311041295,0.8291399459670843,1.3171599958775004,0.005490008768658271,0.7992072788661961,0.023620689848367224,1.4893056974740264,-0.9327067026799907,0.9793233783166734,0.6178262199954762,-0.47056937034028823,1.2926172620868406,0.0461328607686314,-1.8070689801224658,-0.9948775470355284,-2.091321895505708,-1.0893292175116025,0.9448177558078082,0.2547665439018938,0.45862701566148845,-0.14809979642467253,-0.5114407510985687,0.24842027738635075,0.3043318149140638,-0.8513812213709714,-1.2566117793074345,0.5130840716949453,-0.26074331893911007,-0.6202688572511459,0.6846404097714962,0.45411154899856654,0.13903870238978513,-0.9586253101191685,-1.4811163573404509,1.36571702162429,-0.39696692662041555,-0.168116631777693,-1.9457886921466747,-0.7564951582351631,-0.44001310051516784,1.5975679174261839,0.7714583860719397,-1.857844671271319,-1.0546832788331877,1.1054987519815975,1.6220888491888745,-0.2973699753265043,-0.7014978379555569,0.1674385150093484,0.330266257689695,0.6146994012542357,-0.26420309771467443,-0.7301756615409921,-0.4302207444490612,0.3556259305411005,0.16684872034912235,0.5273088276592697,-0.6231535594335303,-1.1669863597247176,0.5153484641569595,-0.2857561735475872,0.0815768714114745,-0.14289431311253242,-0.3791636720637425,-0.14936588092485162,1.4133168110692338,-1.6403084500759901,0.0230236862408936,1.2279460762987586,-0.9966734911435775,-1.0831990328161365,-0.9477071161349383,-1.3388377515858039,-0.9583400732524676,-1.8077948849050414,0.39139407115926633,-0.4470744797422154,0.01509909241232899,-0.48482682518815234,-2.027373363958267,1.3064872300807717,-1.6400165491790588,-0.3266073412508279,-0.6998687316740945,0.098154967851093,1.1733841199575323,-0.4647589099249943,0.22017956844265538,0.7516956310034102,0.23059533528610693,0.1972571998101635,0.7331878208052324,-0.6569191628503251,-0.9134916874580505,-0.8252728925943273,-1.8722095001720473,-0.41113561614598854,0.30263565886607163,-0.14825505105545267,-1.1707130820536826,0.3823555787270356,-0.19206634133069664,-0.3000156645843933,0.11701669138802391,0.7910274161473798,2.7327960614084845,-1.0398550017628052,1.365145480043563,1.6395252706438648,0.3949968355225209,-0.09989589487314243,0.6367392332763782,-0.20671867438842198,-1.4971621211698227,0.20879198184607678,0.2082632240173265,1.2242922058428876,-0.6124414842217464,-0.03798521632832317,0.7455982389561695,-1.0331062553655421,-0.7468862466348556,1.3353130541503297,1.51327906805279,-0.8907583446839322,-0.495134909114632,-0.44770045457602997,-0.4826807903407446,0.3655138845045013,0.5208628638181703,-0.07281492586464551,-0.4103636572658151,-0.4401570895161548,1.3702211303798377,0.6900237120906577,0.24333761933105624,0.5279465070530759,-0.4128657449715981,-1.0247656070048847,0.5877865145207203,-0.5730804810652245,0.10231354304052621,-2.350978008757282,0.1346297141073178,0.8941601003583186,-0.1929547780974194,0.17072691351773836,-0.19359409326274948,-0.3689661597029011,0.10280885277567385,-1.186165398901751,-0.19526569527370174,1.6067947710329862,-1.7761231697911313,-0.9785673249593669,0.7480768850665789,-1.5408187643853555,0.08457737272184392,0.5623092026083177,-0.594286166092989,0.11334945526184138,-0.6662532206369471,-0.8016913712771636,0.6799758047908913,-0.3002637943975258,0.7174677811211491,-0.0963306848208972,-0.11038120911832487,0.09123912808337303,0.18180893016926145,-1.1281466720866162,-1.3884726406121721,0.22877114663173326,-0.5943835034322383,0.12088396630258086,-1.291393216106267,1.326337411295561,-0.5585115108884892,1.1458519812464014,0.7623785150902482,1.256061468946732,0.6086425442972236,-0.8904090355663217,-0.5711205259247547,1.6058264012245227,-0.759419851037141,0.6375639440993964,-2.9551836275228096,-0.32462054606648805,-0.44146809403952,0.08702810810041064,0.5022709406374171,0.43627755066470236,0.21581989860372766,0.9406971485141287,0.37347759525859037,0.7051817220731267,1.0293939182728373,0.6204262541033685,-0.15210555766099965,0.2704678917459055,-0.38716972376551,-0.06126751434720705,-0.3195048474718142,0.280598060615529,-0.5937632631764824,-2.438687157409047,-0.686105128997177,-0.3195278389132717,0.21078265971057056,0.08724582859939747,-0.7602115475507494,1.7645788291057607,-0.2572822681453347,0.3293125739834006,-0.5950273462467369,-1.3861914088855665,0.32149802231367347,-0.777945345142688,-0.5654362309309936,-0.4374694291135418,-1.7768916767057539,0.20790254500616484,-0.19650817384851493,1.137682316682847,1.7094811610473704,0.08869606723633629,0.4386129654974537,-2.24248310380876,-0.3706021726641076,-0.3629794948995904,0.12051020719491345,-0.3808595555940303,-1.6944465277562886,0.4951286220704742,0.10092461845739514,-0.07178142110033991,0.3733311934978028,0.5122025740469208,0.9711329091278489,0.4268294453820937,-0.2026305042686326,-0.0016853110476229515,0.46246052275746413,1.6113927912849595,0.5794479275162336,1.0606190184833966,-0.16209924537058104,-0.7644939222585541,-0.5438817597712727,1.4617393161660397,-0.13290460645531657,0.16339782512474327,-0.3814827719767282,-0.6019093119391771,0.5706292718190825,1.8509220659762542,-0.10670951131669343,0.0657291643788936,-1.3494740363306006,-0.22766532599665934,1.8652611634498797,-0.07824010258499314,-0.8331472462505366,-1.4735762674266037,0.5643343683132093,1.1965237067181904,1.0037418058349687,1.9245008266881811,-0.35807464685739665,0.7010787293562569,-0.7334226149541212,2.770852186507195,1.8288240692881805,0.7129896139581096,0.1052498269805013,-0.8987214487186895,-0.517995850384758,-0.08304302834508653,-2.7809418616906183,-0.18906925787479872,-0.40244413084782343,-0.7724399921774157,-0.26136634431799216,-0.3366099591402453,0.3983137731118822,-0.7941224354545263,0.4138008072688236,-0.8816061745479298,0.14858018003391438,-2.1332014270923714,0.10504020383426084,-1.473499957182658,0.1463388893914713,0.41394401479644005,-1.2481838547943183,0.018685484660115655,-0.663136970986678,-1.2638909321717022,2.3309789512729804,0.7274790515412285,0.512690730675752,-0.2959560358664472,-1.2285414837129698,-0.745286978265362,-1.2733039621434508,-0.534151047712491,0.8910537065858724,1.6225813780792393,0.5940530102726165,-0.6224413176872977,-0.027318806045819738,-0.921376496927694,0.4351141300326618,0.6770643790911223,1.1534451025307586,-0.6145647459622867,-1.3408169112480182,-0.7820407410268613,1.2804275458179266,2.1806830136321738,0.011422205581250356,0.9096309046805161,0.17070271589399208,1.9644156101027308,0.21160011031368867,-0.03184514955009269,-1.188082613872308,1.3578784141485079,1.6504520762509005,-0.7323105976942548,0.2233936785459557,-2.477682470222044,0.034849204138247866,-0.11918255786558654,-0.6086759873420495,-0.7362744569834181,-2.376296979672502,0.7385325817213886,-0.3539378767412696,-0.7975199281365315,1.0528670058104648,-0.8675623411283926,-0.2589701387236612,0.3070961374875361,-0.4795742511525096,0.04357042574593937,-0.05909630819859054,-0.216163851427906,-0.04841266853382678,-0.3287583675034503,-0.7675370503689168,1.0861469940560542,0.9690555265447552,-1.6605391676512344,-1.716445596038986,-0.39213785756060776,0.6602249621069126,0.12182643435291617,-0.2598260892520546,-1.3499107382683448,-1.5817352318817062,0.8796851749308703,1.0296012685780807,-0.8929723972593473,1.2598115368919405,1.3465853389970146,0.4383236781104942,0.45347567012882745,-0.7896045344202743,1.583009796879081,0.6162936009648124,-0.3458439017719474,-0.23976857774084634,1.160174208859372,0.46572294752678395,1.731482010390495,-1.6657262206086108,1.094255058059861,0.7220404957879432,0.3234341340601708,0.6214442931713425,2.1978222048467506,2.0527844184081236,-0.6151354453505163,-0.5696735896643008,-0.6437007510903789,1.1917219121911535,1.034186872930644,1.8268082097059823,-0.5583935557768357,1.2423812520333128,0.4223925053783449,2.960540487710912,-0.41696113608104607,-1.2738857855795802,0.8366483397364471,0.09226482019847446,-1.5626241187606538,0.5784585948575817,0.5824817378349102,0.1423461616075555,-0.6351300939829033,1.7850692593058863,-0.9695273640176997,-0.5723060301836095,-0.3701184506138522,-0.42645605104665024,0.11136829525549485,1.751584162993276,1.2589009338058414,-0.14008174536977833,-0.5435837656581859,0.05227466060935321,-0.17795375294629784,-1.482614199742824,-0.9082277447649095,2.0135935920503893,-0.8672581694720273,1.099505254310973,-0.12229060729931028,-0.5900973098238249,0.13268759903921215,0.6264061632363475,-0.6757259721913957,0.033717380687452295,0.14700433023442333,1.9974747789422287,0.18004396734917386,1.3196832787064208,-0.33390304990634645,1.309114673337539,-0.1935893596080199,0.8695162354264895,1.5505182960185622,0.48903158368259775,0.7252288190277095,0.9633631825231886,1.0611739625995718,0.8905814207441213,1.0654077946797422,-1.4333561170020068,-0.15689024692305822,2.217907458810023,-1.5897460365111284,-2.172156169696042,0.17010276284069517,-1.0672944237801911,-1.2842048087981546,1.372216576680945,0.15218761838298642,-0.17834082758222242,-0.7236901613950989,0.3312916899814435,0.09469568829196104,1.6159499370462123,-0.6446440772093454,-0.25867721018535256,0.17658012506471268,0.48500448598363255,0.28038378826807886,-0.23542030992757046,0.05152226833697696,0.6076418089674894,1.0398496245909183,0.3417250922335579,0.6890986448967601,1.3365684372091773,-0.27708148128469884,-1.1521927060742676,-1.1820615986145053,-1.3525141343879812,-0.25919181787226825,-0.9302293867435699,0.3748394041547967,-0.2821159894843742,0.6413001613068808,-0.2881326829373393,-1.8483552207067682,0.4156167248364082,-0.8866615360058038,-1.0626095107406743,-0.7665200804081701,-0.6806799516041522,-1.5036391944299987,0.7572209539213618,0.19085915183227306,-0.1739737009202597,-0.7229941198333075,-0.10243522744595909,0.8141239158763498,-0.08617319391253105,1.2156820178547083,-0.5581621263437436,-1.7531014922092476,1.000717928426496,-0.29468792738199984,-0.7497068404971645,-0.4922988299794853,1.881081873027809,-1.4948726985578866,2.0703787196771692,1.8690207738388342,-1.4439680300190363,0.32334137674844604,-0.42163849892264027,1.0951788885593623,-0.9331320008527203,-0.34142064909112885,1.2457855284074884,-1.351151239499945,1.3240381763502516,1.0094859872100166,-1.0466692257263686,1.408676096283119,0.27802397183626393,-0.4026965587254521,1.0149591177472517,-0.10512209353570545,0.7904676241136513,0.2361491162007313,0.09230244145424284,-0.02013525772047138,0.5441865886910082,1.3470943372133253,0.33248282789041095,2.2386068641189167,-0.08127297024697462,0.2353349283699588,0.5417390938201396,-1.5974257078641432,-0.2541749099335396,-0.4398413892870599,1.8139048926885006,-1.0256962257820865,1.4166456446112514,-0.37820865265590214,-0.15788878785879054,-0.19520614551957013,0.2867085979752887,-1.0608764715910186,1.0626978873540045,0.7032376931262372,2.331101609657898,-1.5996670476338362,-0.2646413060753684,1.356230598686652,-0.8585379556739421,0.6237489882872752,1.2140513792723644,-0.03696294464158928,-0.5005958230209064,2.092181979060364,-1.7951862015295041,0.022275922978671328,-1.208258422092617,-0.3692358639721479,1.2854873661757273,1.10110853519877,-0.7891891739003342,-0.12005324910995743,-1.4528966051041194,-0.34404061963019356,-0.30694932225554367,-0.5562584492591137,1.0540089118962477,0.30465894470951305,-0.5592238495840441,1.3628159786259022,0.4930988449039848,0.12236170380166003,3.0104125021161754,-0.5323896388012768,0.8892835168407559,0.05878994683963598,0.04563708675125301,0.17907457260992268,0.5374103005516948,-1.1552796962289538,1.491094826690048,1.844278343251902,0.5094870295514624,0.3554594348790201,-0.8457777678500493,0.7028407545620361,-0.5853821691105341,-0.6017778165060663,0.08105631100586343,0.814399491962834,-1.1474839518819548,0.39177809926727664,-0.5516415310239242,-1.123594203053792,-0.003826116298593481,1.012687537929868,1.174665677990754,0.8724668846614161,0.8916040871561108,-0.14840587766778993,0.2226673379467186,-2.938117156353395,-0.7560386701372145,-0.128147720733432,-0.3397578959950865,-0.006753071725016906,0.0062956974548321575,0.46276936801072593,-0.8548811010147507,0.5319094094746528,-0.0458363949914482,-0.8785606903444494,0.2999574878684702,1.2914251948337179,-0.06714390070397709,0.6723107028088601,0.1979433652376727,0.3335692202073858,0.7247180266733289,-1.0619029772714217,1.0498580729164488,0.018991842499170637,-0.6916505429623203,1.169495803608348,0.4371207182042706,-0.6701574571636169,-0.0049679045409916165,-0.5482464663619468,1.838575691947739,-0.3094345016190314,-0.3974880397779577,0.7088879419430908,1.507805916784115,-0.21363436329004995,1.0254950407745074,-0.30898944017346847,-0.8175963783615984,0.3001082300592377,-0.6921064212000956,-0.9072169170067242,-2.024684980743268,-0.6219335491715199,-0.009273400032517922,0.41331254003889273,-0.08568335429221548,-0.9151087627775004,-0.1624338413753804,-1.0671983981797908,-0.004257901317108417,0.32124112268536154,0.2792389000546184,0.5571848401573567,-0.6840526536246702,0.46315754865739006,0.9287750972928731,0.9429806070230188,1.2974964328872285,0.5257563914400926,-1.5706077337744668,0.24737081197576088,-0.025801205167133138,2.7916340739489924,0.2838991120169155,0.29174784598017606,1.9552616489659425,2.740612698966766,2.048287756884283,-0.6355748822589218,0.12850226676484994,0.6513204529291486,0.07759621389188363,-0.07957606535146254,-1.5252898597258697,0.7876597850548185,0.3091325041344094,-0.5281628558247843,0.07417438551309496,-0.3256512445229233,1.4978085398097727,-0.5683050877488802,-0.6334390904593059,-3.847810540085952,0.3534711471626333,-1.051231634200109,0.9497022884986673,-1.6111117536854038,0.6010448758997414,-0.15423096083803872,1.341243070162943,-0.34657904088743546,0.1035396429243254,0.19206899862972196,0.15487057833164838,1.0321185835616715,0.004394405550020609,0.7676774991364668,0.5297231401490755,0.8991030959934198,0.15104191815026716,-1.2818585918627625,-0.020592135654654585,-0.5689577332161373,0.913133929996686,-0.28131184782436314,0.07417269096937462,0.10400530990497531,-0.09015776315067607,0.5155760344597471,-1.8351767071707439,0.870036894472333,1.7700613598616908,1.6654538717327563,0.4164535966959588,-0.2507879302159763,-0.3153018387263704,-0.7603904834841215,-1.8887116089678118,1.1535548791286143,0.0757991984086802,-0.7111360271726588,-0.3917514712933927,0.9191677902927756,0.4153597552039397,-0.9941230554720676,1.6241849215063597,0.6141609020885681,1.2356303688348813,1.7679480099038831,-0.8950343705411424,-0.18627003647565502,-1.7455939900736306,0.3512981154175413,2.063578033139176,-0.8131979917962501,0.8021094897260811,1.9071145040116995,0.5879007203689037,-1.1468348271892526,-1.5597309783155706,-0.35751316873904143,-0.6917876343199852,-2.819930441428872,0.34839297378943535,-1.931079457828883,2.812845398152239,2.116427115740418,0.8039157418978916,1.3361883540483466,-0.5317635108852652,-0.058442922259329365,-1.3680905896834212,-0.24078907240707667,-1.5321442264148855,-0.6948309315497103,0.17363120482400066,-0.7734645646933299,-1.4154222887750694,-1.0957120109302831,-2.7483572922867974,-0.5482890283629585,1.2547760780661807,0.014918429090702562,1.3528231861773539,-0.5097043223943807,-0.8816445795847313,-1.801448746272013,-0.04123620558244803,-0.7131134591333488,0.15486372564537493,-0.6603597271186508,-0.4638639983552074,0.9876852357245218,-0.4729105950355143,-0.004731969088421857,0.4496989681730441,0.5432522485005817,-1.6996645194922608,-1.677555601482452,0.8658447720826417,-0.020315738573224017,0.7828545276823884,-0.48451780976131115,-0.6096330111532795,-1.4568861400446702,-0.5171714925465413,0.9088055737644771,0.45317182225674757,0.5604075895229398,0.07090585517905217,-0.9144774510872838,-1.2820195339747062,-0.531925569381034,0.2834498653642598,0.4296419897986626,0.6373621768720931,-0.06671024893437855,-0.1367677203783679,-2.279162264410715,-1.0427429765955922,-0.9105618776497958,0.9162680629432659,-0.2067540701942498,0.05316102577272428,0.5974604886860719,-0.2859574556678937,-0.7826915855852077,-0.7065651527544068,-0.18180481132628537,-0.011037910434713987,-0.8926890739386372,-0.014902093835172787,0.7238289140556299,2.1910461804197183,-0.7566779050245309,0.726478723477466,0.15520754145328022,-1.3546588712789942,-0.08545273472588205,-0.43908561724765155,3.469493597674438,-1.5287069957579575,0.2542375302233196,0.5182748014589604,-2.0093449775378214,-1.121760830105156,-0.02462571241418661,-0.4615946952335512,0.48966250856491655,-0.08000992948351254,0.26532062684844027,0.03711349737538015,0.9262948579886443,-1.6180917516988593,2.0495821468358906,0.10001013814798207,-0.4721442433992023,-0.19308740408558384,0.19006834746322257,0.7413605419263292,1.3050680642604828,1.4873410840436863,-1.0341519876023628,1.6876488371237217,0.6045329490761363,2.278732569636396,-1.2502732456370855,0.46342804074600236,0.6007797277702308,0.534597854981948,-0.7818385968193569,-1.2579333872970913,-1.5504680618127062,0.13326548598450488,-1.3644942205995352,0.252708307710617,0.7447986189825991,-0.34042260419730547,0.06831987158991286,-0.04272283115682371,0.7818881044184945,-0.5016591268250641,0.5659548586095463,0.8281270051432468,-0.5267997187979184,2.6711187125589766,1.134883730094947,-1.3675146153450377,1.7745030735037362,-0.7263229446054695,-0.3910570252389425,-0.31293452046342385,-0.5033371079739714,0.7310190053349916,1.5359629260650993,1.2926400042953692,1.548164429481251,0.728712733984476,0.637714492831693,-0.5995505099366484,-0.6406005950207603,-0.6166364914513482,0.35275219373732686,0.022399505554017717,-0.2536251834195604,-0.5080729885206736,0.7177163463117303,-1.509709978675099,-0.9121123498189514,0.2109114219988576,1.2466626026926066,-0.84823402728151,0.3067225992355327,-0.2510800355506846,0.9723360857708608,0.46792037315756607,-0.23125597258805833,-1.226473870338633,0.6846848856866408,1.3702845015320855,-1.104111556956828,0.11938052308088339,-0.41686760963016034,0.7000089027952178,0.45591845599299924,1.048736329000036,-0.4528020897426322
0.028523910473191093,1.6899687216784387,0.651039042476349,-2.5383301666184126,-0.7842761849051637,1.5511053961129273,0.8890862552844857,-0.7983808134259379,0.6645372867007839,0.9318029644235183,-1.2266600494314794,-0.9982290551887495,-0.6581300812741859,-0.4647287266698736,0.20357214549725974,0.2555633464718089,0.9193694190443646,-0.3602688725640585,0.5529714888392647,0.2054506977331858,0.357051711019813,-1.274908556103155,0.21579682819749663,-0.789736483897825,-0.322990179758189,-0.9763777225098861,0.4001686196993074,-0.4067555008442477,-0.3781636114501673,0.3487805742451163,0.030486312285829972,-1.5203522691161284,-0.6882002568679558,-0.00352920816208274,-0.040015387936763104,2.5711582422818653,1.314080157065116,-0.838643177802436,0.8535589723939639,0.038303308021109775,-0.9978409449127318,0.8906775550244688,0.040741667972898715,-0.9465159209074432,0.40590239825438357,0.6873385273348877,0.02828458041885142,-0.35214262871175406,-0.6493960407625711,1.1104435412798164,1.912485375733252,-1.3071097921492283,1.5549438176203474,0.9181030998603006,0.9847816610505609,-0.4667196918008249,-0.6318243355773653,-0.5915356159253939,-0.3199581186983158,-0.22081572381760647,-0.184976071851736,0.0034763901382274644,-0.1304240141961101,-1.8413333217652719,0.792574497210168,0.8100833467140998,0.18383379793550278,0.774521080373592,0.21482240366956815,-1.007468732571328,-0.44474575780817377,0.6109200308109631,-0.7533657146513346,-0.32286033074468196,1.4060595857216593,1.5441319123777568,0.5167275295703564,-1.3763501605761899,1.886178574889999,-0.5384206979815862,-1.4467167160177927,0.6994738120771761,0.6813975913480136,0.29414608789079233,0.39018641056764863,-0.4292144149732581,-0.21147655094116213,-1.1957837188396274,1.4548811562100692,1.3865990921092917,0.476847976302353,0.05260975135829446,-0.04660306764409192,0.18629823495027195,0.17910737690556303,0.08899234547500527,0.42695752101952755,0.7211228234590141,0.26871078420548833,-0.300900692341093,0.5092688320526896,0.812773104276578,-1.0233794884345009,0.3495656228023847,1.2682841566212038,0.018402794361492465,0.7369977431503493,-0.1011393005746898,-2.00969462794295,-0.7438472293757222,-1.5825939769034998,0.06460146721834288,0.6285847447000931,0.22158806428242592,1.1957847856096282,0.045101592895155584,-1.2484859921626295,-1.0463772143886112,0.6480429221563835,-0.5833992660723621,-0.36366093620525825,-0.5887781471740126,0.11201493102968893,-1.2497850043771768,-0.03594410023904254,0.30718342834366313,-0.4859865167860329,-0.3809426681085751,0.48667050411934576,0.09147277546624394,-1.2099340420647187,-0.9090879648036375,-2.288013289976586,-1.3288315884989337,0.31499812824270934,1.525187243352873,0.19994508226471253,-2.522788171407221,-0.7717258390501385,-0.13589486815484397,2.5396962117138324,-0.626217004731187,-0.8919674276894298,0.9275059275183607,-0.5683007819509226,-0.03653194905502878,0.9999505994798809,-0.023290118186123854,-1.7377945200145515,0.5104770727811664,0.23483118653329998,-0.03155974429350263,-0.2407578847492723,-0.23214644455530853,-0.631885586253676,-0.2098093627692194,0.069707918807832,0.19982810100293152,0.2145870881752365,0.09276693439285746,0.04858682513972075,-0.5209352531047824,0.35311581481105425,0.3008738611651593,-0.1706048696978524,-0.8448846611721311,1.3792431207120068,-1.2039459087680577,-0.7816549312444201,-0.4467480009048591,-0.5360655217166961,0.9041732240086191,-0.48147101827525746,0.8978079628594835,-2.6934422839600813,0.669773151361313,0.002126324577220918,-1.1001136728572252,-0.5875082811924212,-0.9074985216342396,2.160283341263899,-0.009478687348532326,-0.21085356095549002,0.8504631216377695,-0.3264848891385657,0.3796884056667879,0.20433935840447573,-0.8597282727351795,-0.9650523833565493,-1.2189592125068716,-0.4492221105061538,1.263835852409549,-0.3003736689720403,0.2659569276460199,-0.9502995180240272,0.5727203496851024,-0.6575378589044312,-1.3389893850080712,-1.021584075656568,-0.4286891004045544,1.22027200882494,-1.2762029208498642,1.5624147973450935,0.44400367365180693,-0.1441451631428343,0.22349570643106909,0.018579130023380994,-0.5292132675480365,-0.9730916950996801,-0.09199803918298124,0.37839930050212894,0.8460764092569271,-1.151571063062469,1.1751049495220236,1.0745810967449578,-0.4370114428732944,-0.8059652910932542,0.8411386517623172,0.4940278715310653,-0.1841859961517266,1.3088481765289393,-0.6924806327940546,-0.3777836644181718,1.1427495680286859,0.23791870713547106,-0.45386366871840056,0.6258259049436256,0.2970555431081922,1.045591576063162,2.153070747381593,0.48528245890884375,-0.6881568696087359,-0.7549024373414992,-1.190468541999825,2.149685845648725,0.49412863409786933,-0.16851828571883165,-2.5212805726752032,-0.3965659897488763,0.8803230462438231,-0.03698138790462366,-1.7008478969944305,-0.09025396638257031,-1.0368501021482825,0.34389129222578346,-1.193909405663227,0.2971180753619315,-0.4103634106184059,-1.5290434778138016,-0.5641836924045142,0.7469177338780499,-0.6588293501211656,-0.34131263066367035,0.5039255044042985,-0.12513192019673314,-0.8052417528619393,-0.09570082768599864,0.1627109835252322,-0.5192566162589444,1.0944110917739245,0.40505822915090184,-0.31489704977683075,0.784382154920285,-0.5109169177595696,-0.2951639595040122,-2.552402982419469,-1.6803858563522727,0.5640154510846206,-0.7319352113492925,0.1508197832341562,-1.773549804987648,0.6285200660781521,-1.2179668194033764,1.0326773791288202,1.1436847044858742,1.22157491501815,-0.016762613338674414,-0.7838503631051216,-0.1428242200554943,2.226748954023892,0.4861764088675455,1.571681096056043,-2.329689549499997,0.14544783080300533,-0.49868359909546334,0.17216631944687918,1.175349521755283,0.7881288351888315,0.4511308517785619,-0.12626098881475376,0.06229653435765354,0.3120434182285532,1.5188010364228723,-0.7666843715009113,-0.9581513758258113,0.7182868204673993,-0.1425665903448334,-0.7136933058969769,1.092481247395653,-0.8017060933639595,-0.31439752211401,-2.6153856007685174,0.4290223440743652,-0.5739589940077562,-0.5722382593296023,0.05684385180896687,0.7677326887147956,1.133294325847695,-0.5762127715553013,-0.13584084737850674,-0.8094738044275953,-1.4915982315802678,1.9494879045624398,0.17343018945420366,0.31247898715053496,0.6476466887636898,-1.5135194523860664,-0.12005506790454176,0.8619667808691577,1.2428196650171646,1.397971653164598,0.07975515004955704,-0.13699311998707703,-2.2584775638355126,0.5428685921186547,-0.3874824162320543,-0.6750922075290997,0.07399887650199637,-1.479313265947686,1.2310287234547146,-0.3279955754790041,0.13632918952735668,1.4200780671942155,0.3267594356280008,1.6720994837962002,-0.01978555244220642,-0.1226686973951337,0.1061808891350272,1.282497053385176,1.667748846617078,0.6816412300873634,1.1900785776604579,0.7844489577757525,-1.1929845597326894,0.5011844290014145,0.791984278490307,-0.8856761244949366,-1.559204760197051,-0.04129422957893886,-1.021665160380836,1.819390684420514,1.35642718793128,-0.0008737555947412563,-1.3470925832293112,-1.6090849804156926,-0.5694528831946122,-0.05206340398462851,-0.33842700688247845,-1.3029333762660367,-2.3125203161658345,-0.03122955143297851,1.1286730900955466,-0.18765573772745028,-1.285177550993751,-0.5807971733242251,0.8814198161987438,-0.5020780489316595,2.4315358546928647,1.090039813134974,0.5682211568927668,1.098292424657529,-0.6208844141488441,-0.7972638492841749,0.47341355835709437,-1.5204384070475283,0.9774682363330374,1.2726143363944058,-0.8016234179590578,0.36765514734070986,-0.21703071274163574,-0.6928438758076728,-2.037841889451034,1.1304225532083065,-0.8017839558433987,0.09946150288830317,-0.3356996124882072,-1.114172047911691,-1.864305274608433,0.05814793417275431,-0.6447851038826456,-1.459476134764869,0.8274951296011428,-0.483957928365874,-1.8017798515614203,1.9363686728484468,0.023701606588008326,0.02484031791594331,0.700865687652334,-1.2885726881978101,-0.6503723555437747,-1.4074940837174543,-0.6575716872699292,-0.018952610786551957,1.9217038771993749,-0.4059790295748759,-0.061158411311518196,0.25686090780291904,-0.10923678993998004,1.1772800924276445,1.7051343230409934,0.874218209037879,-2.0426556458044556,-2.0996237203097063,-1.3886299323500109,-0.12857552585700605,2.5723706537456654,-0.07169233158399894,0.782447442113329,0.19620611860522455,2.6328485339163836,-1.1516314415305884,-0.47790111008351305,0.07104014095942482,2.1252557600166404,0.8488251588891012,-0.9214645357290977,0.9858145570045775,-0.7044228099791154,0.36554320690971864,0.08135093646458343,0.2589488192843781,-0.8048331221201127,-1.9280422259592382,-0.274457763186279,-0.7263060641474192,-1.4009304260076356,0.7324608618433608,-2.8859110994381263,0.9252997918959629,0.5321371962286874,-0.07318919981865342,1.2981242750243158,0.1456316586053675,-0.10029491122040228,-0.2786970976998122,-0.5356847040774647,0.47377630382652536,0.13799500193175337,1.2819383334240602,-1.2592339990746153,-1.0613987604335062,-1.0681193248946628,0.6569655200374884,-0.006307626000895783,-0.3221067185066243,-0.4636415435630267,-2.969013447634734,1.2482687655042117,-0.21455415986853663,-0.47534413069262377,1.1189887111644332,0.8740947650253361,-0.940552919052798,1.102655438870793,0.13609505462020413,0.5385555309544597,-1.1432506571610557,-1.23746421736973,-0.21476121387931355,1.5289185710085496,1.3989053697036085,1.0895059372807854,-1.3897553623925571,1.058577350715624,1.6610846758964937,0.5432234742446208,0.3095565246623838,2.375711671803604,3.425944929141131,-0.632881060838706,-1.3480180498752548,-0.0926726112423136,2.8438539015576283,1.0805356282958913,1.2374521938570497,-0.3341760320074236,0.6374118683002606,0.396633341441997,1.6484379371653133,-0.7691321903812153,-1.1594512917598339,1.2288078142160623,0.6486549507321503,-1.2631699923435804,-0.30687575101802705,0.28220033999966504,-0.25275542075489305,-1.2232533979109699,1.2051346730774273,0.18015720678382302,-0.6925245984397456,-0.05285628303413842,-0.5973998094787857,-0.060596875434088544,1.456647353844797,2.5595062481141944,-0.6378582582458331,-0.17145014560721236,0.6000476918480103,0.6802865130670738,-1.0252140826686809,-0.4606344691923903,2.3199216918956145,-1.6335338459059954,1.6004418778451532,-1.0162342900893664,0.4117043162364871,0.6037104255442843,-0.07485397027722139,-0.6217432368708061,-0.04226888719618672,0.45654830480415626,1.3301929778321209,0.6083455148301763,1.8271080865589109,-0.05606974695542076,0.26143908604628646,-0.3271792800948343,0.21382659320545142,1.9432209835754106,1.093601643673469,0.6542966184320078,0.8314133563070057,0.27364470204857644,0.42221619185413334,0.17363610938890456,0.1325324153609213,1.1262955729886308,1.429326858287134,-1.2281622352520656,-1.3346185919647866,0.9233719977071742,-0.9730211192238646,-1.0218374015515168,0.5293759641510485,-0.7093527245853535,0.5720107228242101,0.5531093888534396,0.5668927801570677,-1.0041269667133481,0.8861147063270481,-0.3343605725862379,-1.2497948006714485,-0.2825922918421258,0.9530905789230665,1.0202904049760009,0.2334366057152463,-0.2715286322620516,1.5660138954355964,1.0374304449814018,0.09005022023460339,0.1519888587214697,0.8027737769438555,-1.4198309727512406,-0.8253419870683841,-0.06376654082550359,-0.821332565478204,0.4634572496557548,-1.5281048034099138,0.6860542171781209,0.18593749908570242,1.6028665395050248,-1.0172183014202005,-0.6174897774290485,0.4937753710535367,0.9432817021056719,0.18588491524420198,0.8900815075153522,-1.1890950553694615,-0.6291505701665467,2.248444931962198,0.9822262227091949,-0.9833506839777308,-0.0685681381686903,-0.37306152080884813,0.6252732888223979,0.18413127205815755,0.7606017568907272,-0.8159851528741677,-1.313489679861007,0.5969914890441316,-0.4160148847919032,-0.4951154807759673,-0.49664153228799124,-0.29127491171462516,-1.240636262910542,2.453143272009085,1.3961469518618415,-0.5061757930752387,-0.02102715941785385,-2.0527419185841427,-0.3608692767199325,-1.0579584115600957,-0.01773248446690217,1.8985487586276018,-1.1651525847825652,0.15319341062891198,0.2558832507968411,-0.3986534974316963,0.7429236833526451,-0.05689570968957905,-0.041268130282189855,-0.44968555290300677,-0.07550221900284815,0.12275576892645244,0.25826424972766143,-0.3291207196858549,0.170574767705265,1.123949228261496,0.9109030376461587,0.48524460789850193,1.6844670383574771,0.9953790878852952,-0.2968597699267894,0.6714988957424743,-1.1291764433629183,-0.20494028166654726,-0.6580932274051323,0.09448169220031419,-0.5717981328893144,-0.24387596983315346,-0.9765364123752486,-1.3232388650213849,0.01687345304586703,-0.4872731947734885,0.21919940307411087,0.3711803811017577,0.09069426830850187,1.3339414998824146,0.0476785979340634,-0.9174672412205724,2.0362243350304388,-0.7042076631041128,0.892062409762017,3.2873002712460706,0.22054466118747224,-1.5802813875641812,0.6579933855335302,-1.9996458560904304,-0.23084378248608844,-1.6505143651340755,-0.7985554339335561,2.0425406740931398,1.1630222330744349,0.411986969255701,1.2865015142097915,-0.6770196030559735,0.2044157675047561,0.8861341041480221,-1.416680931583437,-0.06596205461713409,0.1634646190023709,0.12668550264918976,1.1187844902395594,0.5321866522309748,-1.1387142059138635,1.332523777987855,-1.676165250111279,-0.7882983320308664,0.07071461147114218,0.2584586818049065,-0.5522942614468468,0.4857414903781074,-0.9302744278816742,1.1314871009976284,1.0363244418233806,0.7438355334436709,0.8869485511840026,-1.0479773627906548,1.7129492965025788,0.18297791948362951,-0.8898944573272404,0.04398145394836886,-0.7073154870847899,-1.1841899644418086,0.32118581658133766,1.7192084768874156,-1.3145258533622834,-0.17880689210531792,-0.15635748074748076,-0.05750393099329624,-0.26201432325942087,-0.002134796807390351,-1.6945267992651565,1.0891652815521393,-1.9221885472743887,-0.9581295046701891,0.47738879603640666,-0.10223656457693636,-0.2727001713589957,0.018020639466749488,-0.10256468861893031,-1.0403936336256434,-0.24916119395297295,-1.0330723606435834,1.027003406946647,0.36570052256230157,0.4018979566874449,0.35526985195939004,0.15474775559753673,-0.3819937926200464,1.2948507300181114,-0.6130604277145114,-1.1151402297641186,1.1061272002795504,-1.1285050295364876,-0.5483572515701323,0.5794935654013301,1.4662504826835194,-2.030886614874286,-0.0622106155429688,-0.7082125455144711,0.6271706844609048,1.2690357129292409,-0.46780254078216593,0.07010160587464451,1.4884986834471365,0.29734209399960077,-0.46364441747497714,-0.7395248449543134,-0.6138985326172062,-0.038047578770354355,-0.7991377988321314,0.4272807369213823,-0.7494555334939583,-0.08464164848676466,-1.311137341076346,1.0934287132745169,-1.0031971190433375,-1.121690123835055,-0.3652718232208433,-0.7521288902964789,1.0001372031579463,1.4736706689589305,1.2975633997190177,-0.4318843283755002,-0.7178529063742259,-0.40622856880917513,0.6867367915961147,0.6814757855076411,1.4522584500555795,-0.3799167610744843,-1.0978877551680284,0.7517082607875958,0.1639786425313931,3.42889453597965,0.37174444909450344,0.6722046266015463,1.9171195181412921,1.7962718063046612,1.0355630756364769,-1.759295869348417,-0.9243780477031532,0.9305313842749878,0.049985590312686894,0.02337580815120291,-1.8286970615363523,1.7492091638010012,1.6457417805627892,-0.32139656045323217,0.3422887493968586,-1.8190192210370222,1.3103492462619353,-1.9266368380766992,0.2226616578013094,-3.4907101854534726,0.3364628890119415,0.867624328118368,0.14027361414291878,0.21482051148841114,0.371915243465325,-0.22813678748282962,0.3731336028826654,-0.31512599322011076,0.8910584736055907,-0.7409380163471,0.6569285289177966,0.3090171174061921,-0.3302077300237367,0.6799558165294664,-0.158614613923705,0.26300214434476604,0.405153231417005,-0.6801096193793661,-0.12770890276262442,-0.14146736969923177,0.4853708405110151,-0.34603178167882526,-0.2602547072971333,0.4672400097165976,-0.6576506097841464,0.017727952049317718,-1.65789044120022,0.48072177918257647,1.2386589841744349,0.7436969449177168,-0.2462034295102684,0.8140738096000071,-1.706410547415033,0.23816724783968626,-1.1827438130850876,1.8895749289477681,0.18493476890841792,-0.8200182338389124,-0.7296226302461968,0.4447741168779431,0.32972577192072056,-1.1217080925582483,1.186638500829536,-0.7413483933966974,0.05215206547815305,0.9471591096486139,-0.7139662494360497,0.0735839285445826,-1.5947230332644307,-0.7089776903073399,1.6128586026451615,0.046486043429973437,0.19684029643794373,2.6656134527929156,-0.0660471366749666,-1.2015853980471973,-0.8088940917421462,-0.12836364969167502,-0.6141023364105365,-1.0558365165620855,-0.11662463710755269,-2.0385259334825463,2.7377501987550596,0.6293793676988655,-0.2112009893965454,1.4932562424309832,0.5769150032482258,0.9728091343446902,-1.2885455014222995,-0.16850917659560252,-1.3395997339511903,-1.6648933219424946,-1.1328994540915414,-2.151969695127445,-0.8373844552519297,-1.3852470833954469,-2.633770109349766,-0.6080262326556359,1.5719836972148924,-0.3483076442775186,-0.7191081564250159,0.3143480427248052,-0.5528138032403064,-1.1189648757404187,-0.3318584682006497,-0.1526040140456048,0.5942889263679669,-0.30420796962886315,-1.1885241955568453,0.6460509880474875,-0.8317720601863074,0.930241178646227,0.8343167237071052,-0.3632318066100984,-0.20130826678133543,-2.5065775533895476,-0.10468312281432057,0.12651498172213968,1.5955635362156826,0.5421957707274758,-0.8943697758075304,-1.1135683997891652,-0.8906516585532241,-0.1760391186584312,-0.8622659902829435,0.3268152814454875,0.5369734372915941,-0.7625476999535232,0.3683574391098033,-0.5341950337846565,0.5250259092423134,0.353102116021854,-0.7173037592735775,-0.10381886325855032,-0.22660712643257297,-2.315651951048547,-0.7705113734371113,1.1702336931350612,0.23508947800659952,0.27483937379269296,-0.5002368460883228,1.2153550456718651,-1.1239026491206188,1.012227848903544,-0.755482366259561,-0.7298568466502244,-0.43104676266375,0.10264893984722222,0.577933438222928,0.46304921806224447,1.3359081286058065,-1.317427101862358,1.0049163485792618,0.7741145634034242,-0.44407900337132833,-0.17107887763770332,-1.1076403730425004,2.3759713350343814,-1.706776842102425,0.16779046250472165,0.14072954877894361,-1.7192923904144088,-1.641629259953767,-1.0326572879790314,-1.988513144070888,-0.2310236014893037,-0.3881723804419741,0.15900749809084996,-0.09853859894285275,1.7724288439376223,-1.2818329974913265,1.7527679423878992,1.272386627361849,-0.3669744452766248,-0.0074571683775993885,1.4308748641133293,0.516305377888953,0.8058965062509214,0.996087999086431,-0.0953870688695721,0.7730909761352242,-0.49362791214070945,1.2791907868626322,0.12979875112271466,-0.15249540214141488,-0.3540264651841767,0.3482440519358226,-0.8693612093427054,-1.3567329410509166,-0.06160342483698233,0.4327399302683113,-1.2781673896652714,-0.8770636468366453,0.5885238989052659,-0.7230170627327066,-0.27980844794921705,-0.24060809407170972,1.5426451740607836,0.6382273729742379,-0.41564457572839614,0.8691242277655614,-1.473919912860928,2.7012784889172554,1.3432048064315756,-0.27225223260082504,1.9241543759618267,-0.17585882714081563,-0.19189064274807954,-0.6444202249832345,-0.5005086994193705,0.28176204521709486,2.077166339341429,1.582661220993439,2.2794944777869346,-0.2143646863426626,1.2381036354135928,-0.8478507245017267,-1.002433888995739,-0.4582716375918671,0.9048116796155159,0.4858066751435149,-0.5786794816377835,-0.8361210031551194,-0.4556476934934523,-1.1203022873359918,-0.6507983364735489,0.8563904517903358,-0.812337125045675,-0.08802381284036387,-1.0674558135276073,0.327189358846204,0.4755670163788145,-1.1290251056067944,-0.9804808705091866,-1.2329809147983977,2.006591319757283,0.463288899033519,-0.546177375493631,-1.294573782262896,-0.7349635124809236,1.5314241296504358,0.7927280087363722,0.15864893830266805,-0.24648661669334676
-1.064632933388406,0.37838650329382717,2.668090792918204,0.056416652591424,0.3084238475548017,-0.6682684833219823,0.3613504999128432,0.2114731463084303,-0.24419519854516533,0.27605954152638157,-0.6364255818382175,-1.014853007269107,-0.5168774294030587,-0.5801467798616861,-1.3322844429295255,0.8935532713014884,2.715449491613198,-0.2774705296653368,0.8035410802627326,-0.828166897198744,-0.795119970081823,-0.7009803599644453,-0.07123491672863261,-1.0447996522571341,-1.2867179256749617,-1.190398938278449,-0.2795633472197596,0.02890075329340277,-0.09933722396317454,-0.16822635480574086,0.27139795178860143,-1.0476031222763134,1.9095309918611512,0.6593692036806376,0.3753329736778805,1.1644605211687897,-0.4598010233663532,-1.8388491401545162,0.7994551479823763,-1.9097111775259303,0.9896852693722401,1.4059162946425632,-0.2143618955462847,0.3025425226627584,-1.3714980954595803,0.6630656267032378,-0.686630096703494,-0.7667024540667806,-0.13562258314128073,0.08247819858153325,2.15884749418736,0.5879609995083436,1.4491289027222205,0.2759975644968967,1.0454275694698338,-1.2738783474091284,-0.4408779903616942,-0.889953257161009,-1.0920632285878942,0.405617028606554,-1.1686726548172874,0.38284092205316217,0.9533210201438511,-0.1064254733826268,-0.9168260658800197,-0.017973848085949314,0.3945112832478551,0.266501644531378,0.9531554482993554,0.07311729455551434,-0.0921213957413375,0.7911745739460347,-0.5745132558666428,1.007564526596137,-1.4860941728538974,-1.0297882937190053,0.11921815490364035,0.22768980712667705,0.8983511292780083,-0.5448350104251998,-0.03091584182047613,-0.8689450663733477,1.217400926911947,1.3578100188851834,0.68771150970488,0.5316688893635829,0.3189020171838307,-0.16819291082926444,0.35234970664210546,0.6813271077895312,-1.9215404664975257,0.24363567406166023,0.03425800443229034,1.4314802245435894,1.1055741175495328,2.242198855049171,0.0008839729905164611,0.9546843748071883,-0.22342394648259883,0.030427226956998038,-1.1169503814559347,-0.542808675887732,1.5035732151237395,0.7241094033078946,0.39135593383621836,-1.5795163918384845,-0.459307677037883,-0.4882937629065766,0.41728564583925226,-1.4790759728199274,-0.29169064059830574,-0.7198947711640576,0.40783479798050964,-0.5351202410021202,0.32661001435153314,-0.1219600621475257,-0.7782241581827886,-0.7446983223150108,0.9228260258351241,-1.5758686573112368,-0.27969063349456225,-1.5554771840551247,0.31880667788479783,-0.47422631030730433,0.6125204260790423,-0.9641304402476005,-1.1081158695056457,1.5456984819393287,-0.16909663026100485,0.4594449514246933,-1.085909905158928,-0.6778417912097157,-1.6176013215409952,0.21032943974953078,-0.5497519105045683,0.5519113520175741,0.3078506305245592,-2.0953016102501065,-0.02075502556350326,-0.33209129950273436,0.46216968024673755,-0.787021658425207,1.146767570416945,-0.6288252994472998,-0.31726553563652127,1.4636518908828726,0.42859808412230155,-0.5028326932612044,0.8659762221412475,-0.03304189125984864,-0.9933066318790047,-0.0601785129784088,-0.43355925161724557,-0.9072469880276804,-0.8928322753926331,1.0375240209795038,1.4569303446417496,-0.7814865686983418,0.8441373550423075,0.6858124973079851,-0.1521097419599176,-0.5280455811574313,-0.06941351309513386,-0.015310019801949784,-0.9702100380884299,-1.2146537699667195,0.7064454067237449,-0.5760422609371683,-1.386276832416559,-0.24062581852510748,0.9943037300562018,-0.461324347197242,-0.4427912562711697,0.3929404400079121,-2.323652251834136,0.6773718240648325,0.0786725346247105,0.3243402047149074,0.1963303818884158,-2.2581116899359213,0.2980837108317809,0.8924174702645533,-1.2887781992695038,1.8413997632810761,0.2541454846373142,0.10446033712149706,-1.0564794587682653,0.7238572451285913,-0.8508176796653116,0.22371248586780584,-0.9429114582842394,-0.7057620509940412,-0.08866852341661095,0.9544555977908843,0.486890936095003,0.5575503715793685,-1.1754378292565812,0.26629032220817905,-0.46145444909874783,0.10578289118494742,1.6449841673385623,-1.538378450568229,0.4567165336204648,0.5127999106668506,-0.3374436041803699,-1.6050612213314002,-0.7908440942685262,-0.031866269604762666,-0.08528556364230878,1.3480010006789631,0.5189189268429877,-0.47998320469599287,0.3763210848601886,0.1816027916626316,0.4812347444753668,1.4165496406328404,-0.8347281419830691,-0.9729569640652941,-0.8254419329835679,1.6515886019170243,0.4113146439125569,-1.8837541791948704,0.4534710440097449,0.9065778201302852,-1.2483701614058256,0.7382581273356638,-1.3053746263093258,-0.45424378189744624,-1.9195064652067928,1.6974972327830522,-1.7028025571658956,0.1305593438973495,-0.19527438862612426,0.6808177837649841,2.8718863443380567,-0.5431667186089478,-1.3454968826164138,-1.2455485595448483,0.6941769331538672,0.25841187835394575,-0.306268919123751,-0.6048853474989313,-0.5503003330877064,-1.172911558504019,0.6224989167391233,-1.9973400377701624,1.1064249815112646,0.1415262409574823,0.009527266780084998,0.028705520367974104,0.39576813624417245,0.44006079987883845,0.2750880157466541,0.779664577890488,0.79110824072111,-0.1461147644776426,-1.136611857387639,2.172124085615898,-0.07500587657698005,0.3251982920328766,0.26481441840170605,0.7029004196250548,0.41303321585984915,1.2384829088383325,0.4004532415393089,-0.8463543627019016,-0.8956826658267508,-0.688633068258114,-1.1965876542037248,0.3663420732838296,-1.4479461974255008,0.030418130078628734,-0.9278741780364822,0.7355190684681022,-1.0816317243473526,2.047724560366919,-0.1827442646143376,-0.4075060702647647,0.28819048420271914,1.2629828331731712,0.28063409744756196,0.9990389850680086,-0.04996808083383847,0.25908458366128273,0.05008883209224374,1.0806476493148098,0.39271155053227946,0.13656268339311234,0.08949821449852324,-0.2664717303842947,0.44406232156842157,0.8202233344006341,1.688189968436151,-0.07052188755913433,-1.5910372888727384,-1.3947097219704572,-0.13798426735973313,-0.2035579020900414,0.12696876056931156,-1.5104188862754815,0.09755100156089513,-0.8487027921920377,0.0334062361869276,-1.1808491440607145,0.48950611549395096,1.3500451004454368,1.169751758070499,-0.7350753835779253,1.4834115118277038,0.31101469042275587,-1.1580152439333113,-0.7180677802153049,0.9373389275610879,0.29333699298094695,-1.0177825527388369,-0.7020855771393909,-1.6954621374334875,-0.7670883863995229,0.3238293664518205,0.37451249847536894,-1.6344025511725713,0.5182065548202095,0.22472111679372267,-0.3925880578488996,1.0553346614961714,-1.6811720556308722,-0.030428592766137873,-1.635038581400159,-1.5673021024648541,-0.6004695185599326,-0.7174980048614754,1.3388790721530972,0.4397822280447812,0.9173949349707079,-0.6078260544135246,0.3675503151151203,-0.2672013218009041,0.06383124382410332,0.5642927925484713,0.40551874536420707,0.7987463745269412,0.6381862179206057,-0.4321520648816987,-0.5165487586995646,-0.3287265988657972,1.229788385587668,0.23808507610837296,-1.002220510244027,-0.1583687340873029,-2.114514809036358,1.9035096572096617,0.015024374528512281,-1.7465156211372155,-0.9737379985581349,0.10695199545938495,-1.2961659255608504,0.20440046324390462,-0.13840910198041761,-0.6799142674268576,-3.08780393752471,0.2510619409763314,2.131806284817301,0.6171598853247141,-1.7501317687581457,-0.23979684793934947,1.6185959532586438,-0.809427362333808,-0.9769151671538503,0.9125073889617867,0.8329877110044965,0.3447258505276207,-0.05331468355466806,0.20788644672115772,0.9419243572486896,-3.034456736339213,1.2945552300502112,0.4658698171591868,-1.0719324664360088,0.22035070163703702,-0.03765648011638321,-0.36220247419120605,-1.8294587563550548,-0.4331492691657056,0.7196164559777691,-3.6110732737133575,1.3306908052383453,-2.1308700353791243,-1.5151449748939634,-0.4187970017003209,1.3278854878262165,-0.32019297565033455,-0.9080911346898337,-0.4849767856679122,1.0948512340368877,1.9717871427867153,0.9154813869179086,0.0563901492622465,-0.6538801863167762,-0.9489294520964319,1.067817424730679,0.9380620909210908,0.16384530447271012,-0.2232933727655211,-0.25999043016344014,-1.2406129200758058,-0.1120874096213831,0.316088893069598,-0.6753768281929071,-0.330572234191193,-0.9721210303227356,0.18724312178151162,-1.6761430294299986,-1.176616478993972,-1.4665758524623362,-1.0900586197430253,1.747804404743034,1.3396223369589517,0.11782314181208313,-0.05643704885567761,1.6189169813490505,-1.6580826148652874,1.1618982605527364,0.9354066071360915,-0.8621567758711254,-0.3059159727996843,-1.0562275704044026,-0.60360050897031,-0.18422682118523886,-0.2183679087181876,-0.7673406582532062,0.05829366523444036,-0.6200356534466256,-1.679870095422602,0.4381539939710493,-0.2288300480540338,-1.5958902250397777,0.3430637839176088,-0.946604551488405,-0.31825797358244556,0.17478137926609946,1.1782307942883432,0.10345380022931773,1.7609156878530965,-0.004228521873741306,-0.34342828690579497,0.9769320670493853,0.5136821334861219,0.5299146897097375,0.2765366821560861,1.394454567454346,-1.9558230555938323,0.020618699790338396,1.8975840790703717,-0.5705247651022052,-1.7030826908990986,-0.33024927456387787,-0.7737961517416778,-0.12510799021785324,2.069398700349287,0.11120582387859161,-0.1405481599803789,1.5215998641050685,-0.426949862545103,1.904902486746858,0.8562373414580374,1.7966570938536057,0.5567235015217821,0.5711671699470959,0.225876100886031,0.6970809393927361,1.0867535250703129,1.3637863048060068,-0.6162242062477215,1.2103117213240147,0.20168812499811548,0.8422248602351022,-0.17632550775777212,1.2756542936019555,2.332883275511825,2.1154416588116454,-0.7863393288632722,-0.681938272933803,1.2330793395711064,-0.12251212873543121,0.9591618727728579,-1.3965559248708643,-0.07757624337287537,-0.17170845573837948,0.0459411331736314,-0.014993124250303889,0.558024275430991,0.4180546959158696,-0.8602177742283063,1.3999398332876747,-0.6782252108439681,0.7287509551453151,-1.0346326941916084,-1.9324905963532433,1.7523314369897425,-0.09456055826916386,-0.8876933385453485,-1.0719859333636272,0.315435115832242,0.8173470261934817,0.02564299928808386,-0.03929561205802033,-0.8370024816195306,-1.2536171219119214,-0.10167223683249663,0.766372729379305,-1.4913320627045656,-0.4343187811839982,2.265471212477112,0.7218777088284228,2.0536712696796777,-1.9617327566975264,0.8437987621770399,-0.03983502626546108,0.8850965876589447,-0.5689617494691592,0.9459217478800878,-0.1441596437569268,1.3224645271959365,2.1100415197993407,0.40901007142056645,-0.49155556288994195,0.31778099570980123,1.5636350254009366,-1.2870234986466482,-0.2878699726454651,0.37376348952400734,-1.1437740513384875,1.5117586172849031,0.687547255057786,-0.633385285120417,-0.1451288046631917,0.5391482916824247,-0.6292110900361293,0.21309069147369952,-1.4800746083480065,-1.340922395608207,-0.09084884159350541,-1.1159631461467934,-0.13456058607294724,0.4737202208344455,-1.28543016305097,0.5651105928344743,1.5723136595209604,-1.4295291172606486,-0.797480526744324,0.49164985978156084,0.9745495022419787,-1.95675684155412,-1.9809450988708863,0.4556031785094824,-1.1071162482888943,1.6799254747099983,-0.39808104684028506,1.9717728241363062,1.4814557268063526,-0.6315968513211749,-0.7190629540538567,-0.16378727998511752,0.3109120762308571,0.13240856248493318,0.22041871627997306,0.5717335931946895,-0.5422457312691056,-1.9104553466849157,0.4027755074098122,0.34149139691394864,0.5455410957738283,0.7139070168845039,-0.40324771677194793,1.1776985956370445,1.3608019127526734,-0.2314266212823329,-1.1050150132974803,-0.5789185029392668,-0.1853247700095933,-0.6510715267992546,1.2103790160929744,-0.1797016767337509,0.06633175324371036,0.6164550993648445,-1.6959953130846612,1.0791899907908107,0.08880571101260129,0.7533381119658802,0.6323333325744795,-0.4623811201002378,-0.9870510172647243,-0.3037637197700579,0.7305691301526615,-0.7304828581053343,0.1496168580950765,1.1818234530856273,0.7234638488276307,0.042331602327594496,0.5422028801791485,-1.5443858479550108,0.23869504993752447,0.753171450553921,-0.15888464789787402,1.5247349956904654,-0.3809348704305013,-1.2121956511247016,-0.06758071372573425,0.23215057222971847,0.9030458745893806,0.790404491499226,0.9810145241961251,-1.1065961704624097,0.8866297546661575,1.314599867440495,0.9902257339550575,-1.748042507396168,1.292487758662551,2.3847644564876656,-1.1218832935159742,0.9900446321033994,0.9757804425361997,-0.5211382865142954,0.43659457696100373,0.7555742241478813,0.37824196032777935,0.8034268977682549,-2.4612162216778555,-0.9802946116796915,-1.0475236171084514,-0.9214933475862257,-0.718362567155187,1.8281877183973683,-0.16757855343578068,-0.8797998628800713,1.4518629680727224,0.759091293401023,0.37232091808932055,0.8350545777731475,-1.1916123585457665,0.3884579297858646,0.7802315544105556,-0.03191135533934787,0.5090012682342083,0.7452294670477264,-0.08744565011917013,1.147544104523634,0.4759815676282286,-1.3273778874550894,-0.43990422427757725,-1.0031714968638916,-0.10987680520096525,1.253701340867359,0.30652007420767824,0.5817668479386339,0.11531050785300098,-0.001128585092582312,1.8420193470366697,1.0538703477092204,-0.9883183745111362,0.26951592988476597,-1.2374542952203929,-0.4585698295730714,1.5544695318292763,1.3578385257746792,-1.2682211742059493,-0.690144262070916,-0.21850296401795108,-0.9935629346086502,1.6798142080996392,-0.28409519346269596,0.8527315383811256,-0.6740882647845415,-0.47599023158688836,1.1028703583260357,1.515527745676316,0.20899636682874462,0.6811474138490979,-0.10771712346293384,-0.9467675586848561,-0.6742161093837147,-0.1434128915187372,0.3086145045875064,0.19488370183430956,-0.7549414146887136,0.563591640410437,-0.09268594882699129,0.12154497401872233,-0.5249719957214479,1.3203260980307765,-0.4996042002548349,-0.2528624505988048,0.9452286396819948,-0.22551474853312198,0.4475288330987187,0.044112985690251544,-0.9345981985875452,0.34446748640279223,-2.0993213728292894,0.6230164396491924,-0.01189689179091238,-1.1155100460229335,0.5501753417348608,-0.343337841586583,0.03431181704702372,0.6952645425853741,-1.069067881858154,1.4628942023913756,-1.4959974094949782,1.3884661198857966,-0.11216716651324019,1.4351409614876285,0.7488546253139841,0.5879370805026028,1.4046184810339282,-1.405520806565351,-0.6239015949256008,0.2959243164890856,0.3507027649232652,-0.09302076958797346,-0.22781097077500878,0.8718684979784856,0.6845289725394386,1.6149282601414816,-0.953073279675438,-1.6238720653862169,0.2097651094130963,0.38488707125467764,2.1160988660206708,-0.06764314122919564,-0.4938279371337595,1.6073250262971468,-0.6908124416208211,1.3490179518465744,0.3138109029570877,-0.5465613072435868,0.48175526440172456,0.6551977520935431,0.0031082714789992575,0.9677710240515651,1.2806501395980596,-0.474161651258304,0.7426892433721523,1.878755059832725,-0.1606814598922927,-1.2849634524275328,-0.5070039869034652,1.270383877491275,0.39037579766533076,0.058041813509241626,0.808289925262932,-0.004343766214206303,-1.4823787624128535,0.9896023569492651,0.19067316186342503,1.2629737654057465,1.4772061761214417,-1.8734198006497582,0.8077569742230429,0.9058479517412541,0.7460581840127747,-1.6203442104518713,-1.4198836267873405,-0.6232450705253451,-0.42065656606739954,1.123836154063994,-1.3347696339480013,1.1703833870141889,0.038315204450595684,-0.8670731315392468,1.0030010413413788,-0.08934850388280455,1.0713686527962158,-0.061097280630477264,1.1749451238937267,-1.1438883867778478,2.549068252493309,-1.1770875929126112,2.046611674419293,-0.9235460726903024,1.6541640692210693,0.9907355253293231,-0.05470894838113889,-0.30303478295254144,-1.1587706751657798,-0.33534224777458516,2.0549964870473474,-0.9024387287962866,-0.17360794827069645,-0.34478873340374677,1.3785662700680936,-0.2394224028691344,1.5391151708116835,0.03700445886461468,0.62790470763069,0.17498694003268384,0.5211756049707945,0.02770356327409794,0.0648677554301309,0.5353064413547656,0.3609025254145823,-0.6588564014728251,-0.3302700247090802,-0.5285065693756525,0.8406742879075741,-1.488618878593833,0.07766262725062227,0.5833390193139669,-0.9769750296815122,-1.4948031568162474,-1.2358764318665976,2.2064978919812748,1.1302232305322997,-1.4128860039443623,-1.4728957258410105,-0.8510044709689516,-0.5088437104456954,-0.6312757124990573,0.2620697777715855,0.043115397404871095,-0.6181295634425567,0.4263819651558782,-0.6158742473170626,0.6984897320472297,-1.4982227271545696,0.3026099246777698,-1.3133154818959574,-1.1599326002017172,-0.9659397379345079,0.36510721376262256,-0.23432370953329137,0.31776213545006,-0.8240604681195531,-0.37279236164084806,-0.1758867073518771,-0.0037406406354093986,0.5246016835303404,-2.4856453745218134,1.8820213325199475,-0.0012429103868374979,-0.3289887907387433,-0.41145383168980293,-0.05908614866530233,-1.2283603200684936,0.20521227250203014,1.6267022265524569,0.9306028271318606,-0.016774716527037957,-1.1404590898687357,-1.0054185304478922,0.8999916264289735,-0.8716707852669886,0.02203206626686252,-0.06726492887312455,1.6299702575341597,0.8207653215113083,0.6478172871318084,-0.9214313381251316,0.03319458718655569,-1.3845572373036972,0.6988595216269119,0.40155955448307856,-0.47104409119689605,0.7244814205005601,0.04900899585908797,0.1440446560114859,-0.25880610513964725,-1.4719667859332648,0.18963164499850632,2.934595154797349,0.3266750392867461,-0.6699870119938469,0.19431189361378942,-0.16058936691824358,0.4383418153726822,0.27878092396653487,0.05220539226084391,0.9830238504516619,1.1139588124791722,1.5559479168647208,-1.3572452459318392,0.6763940336733154,0.2587845374702223,-0.6821556421904761,0.19476031395395074,0.37721926525928534,0.28738273878256243,-1.1521749384602047,-0.03795880527019944,-0.13630776903546957,0.22517269274866997,-0.8648732942536768,-0.11454684316923953,0.86946602568776,0.7642729242227737,-1.5655383976834603,-1.450451318740251,1.169429130497959,-1.007570300451925,-0.16243212337391472,-0.4248476685757935,0.2464336339886622,0.932021906049411,-0.22372302903582802,-0.910942032268,-0.32038019798693007,0.871347407222395,-0.07776811865861334,0.22632312377695463,0.7151418994470248,-0.9575676480654858,0.34676619434408296,-0.46277923342495025,-0.5600299366606185,-2.3492855759686275,1.5756139491108894,-0.007884980844244712,-0.10735063608297472,0.5328450819725211,-0.94661070345395,-0.8013981708835106,1.9142808985094022,0.28434135330595156,2.125008999155267,-0.4821502064315784,0.3718599511517771,-1.0152628247528135,0.9672266613827563,2.4537760700893823,0.6499105113469045,-1.1167669590220746,1.1494451664415526,-0.15690133039942628,1.1232623637325134,-0.22845196336517518,0.6152696696684872,1.2431262748011576,-0.33248708961743,2.0572681712317222,-0.07176584260067993,0.1312935610515607,-0.5473882865867049,0.18465403960205493,-0.4266967774958932,-0.3712748532107941,-0.8690144647781303,0.3999395104011341,-0.943642461329486,0.5201887560129654,1.4018267250851966,-0.028498685609366962,-0.6854174661314669,-0.9070102051567688,1.288066003840994,0.21787171258897106,0.35020437956661327,-0.15540425606295605,0.34615485810074115,1.4977410269474496,0.32776857604349474,0.5387623679145449,0.28947354799044017,-0.5572233503638421,-0.5780153022782376,-2.034716202236513,-0.8378195145829077,2.3147584025552326,0.9882612380051353,1.53579896216454,0.6839723622766704,0.0068684414124903686,-1.0252454829166102,-0.4975940718546606,-0.18925666804421323,-0.3474275705059086,0.6486938676617162,0.16070612369104811,0.8252266778601343,-1.6392689850549504,0.605722493238282,-1.0545960180128175,-1.401723723619548,1.1674566756478442,0.3884451600660806,-0.9542084730756564,-0.23075410903552926,-0.36031147029121824,-1.652314448846951,-0.6392272884944253,-1.6535607592895871,-0.7202231654652008,-0.38474193208437474,0.15541603708698462,-1.0783050447705764,-0.6702718636327082,0.025770895006592073,1.969574262670085,0.87626059309473,0.47295764966951226,-0.6935007995696301
-0.8312989771608297,0.8104667205362927,2.623835475803339,-0.3366149632863164,0.07417097796193661,-1.8937687732285717,-0.30222608212822966,0.5706223436487099,-1.3285160793537443,-0.15081571593818338,-1.8946145372389758,-0.060450842364076295,0.4280346823521282,0.041999271286119716,0.26629579338014725,1.700360166342336,-0.1596794841079759,-0.5514818266680578,2.0899028589506776,0.22158803087456272,-0.15118321738823176,-1.6082449268468155,-0.9227955368810097,-0.8166573681552556,-2.913106673840087,1.5421594366369917,-0.23655475143330712,-0.19352419799067952,0.9719654825622978,-0.49988793106878365,0.371437995118766,0.17790756973621588,0.09779121453765753,1.100393681597213,-0.5565958680760433,1.5667618219703767,-1.0622668465004756,-0.3685626677067291,-0.44087452187550746,0.3832243884085543,-1.463576144595107,0.6336686970797322,0.32834763750355545,0.33179287340353625,0.8311457282021054,-0.3240859067688054,-0.5251401042706924,1.2662264137050023,-1.3363143915434592,1.2153348225405765,0.3182501351348938,0.24872808937364238,0.07366839321431065,0.8289918595496265,1.0546111460141057,0.25439384681126315,-0.8166679933577818,-0.8824974575552588,1.0475466982076047,1.4012213154354807,-1.6552061523333075,-0.2999485870163772,0.3235512401551452,-0.522006811757788,1.0563986691063536,-0.3567979817433816,-0.6848048629812962,-0.4350343667505173,-0.6582460782068461,0.7257406221566991,1.6042381404224881,1.391880363421733,-0.3061795514201739,0.1477992340994559,-0.8422199241236076,-0.5440775300873566,-1.0167707061280813,-0.8972855125551076,0.3335359958914323,0.3615426895797742,0.028777779042800992,-0.8612380660029976,-0.3439160193016986,0.40007906166318563,-0.6433959522138768,-0.5339600787297429,1.9878559095768713,-0.440165929235447,1.424701692884627,-0.9376300317743496,0.08042048124513071,2.3830169271312482,1.394013518899324,-0.47474058197471397,-0.39605696937657153,-1.519380711356231,0.25406469408414856,-2.095774135476853,0.25443839684648395,-0.16810540202843888,0.2014360571344896,1.5771545421153192,-0.5744886284574523,-0.5164234835047734,-0.4803991374740594,-0.6657749518127477,-0.6604946083391081,-0.2000672840706754,-0.0485771667727211,-0.5071161214873595,0.137653854510747,-0.7745208212699409,2.0499802944724523,0.21558337608676062,1.3956778590056207,0.03978754470519513,0.1792423587536255,-0.006291538095141981,-1.557998565051815,-1.5726519494252715,-0.5741783792852041,-1.4072218600736652,-1.0074519225811709,-0.2773485509394477,-1.7064406153781808,1.2496619258148522,-1.019192899929696,-0.637996860373241,-0.6241228228963301,-0.6429128010894933,-0.5886629217417501,-0.9496420451357669,-0.8388331339554271,0.5745162573950218,-1.5310793982777597,0.40444110688289836,0.7943073517174591,-0.28235901782703304,-0.2907976877460712,0.41393128650923744,1.2323220445218266,0.8025617353692547,-0.46120873359287085,0.3303124799368172,-1.5068671452398457,-2.2257483650365533,-0.7199229170981518,-0.47478877743008596,-0.5614937848919411,0.5313693994168708,-0.3477523264869147,1.5913067818664872,-1.946967267834309,-1.612893853705632,1.099534703260865,0.7410184246557399,-0.42131722075077627,-0.8669017461707577,1.1493701542380645,0.7327387825323874,-1.4059253336540616,-0.35344982785340207,0.7877113726658864,-1.1315506808681783,-0.309690674511645,-1.5229005626647782,1.0950159091981817,0.9412142328792968,-0.09155316434323452,-0.8337791563381185,1.5482118250886767,-0.6112950408309866,-0.10773364222393918,-1.5206209394019579,-1.0265960462942374,0.7893913801894504,1.0902074078761208,0.19197362180822847,-0.6288732323253194,-0.012224386398756507,-0.10342501431172202,0.9852264575898527,1.3175513467642248,0.4673258372084838,-1.9348891564450448,-0.3689821233599959,-0.7843469884560921,1.1100131294005875,0.061138067592582696,-0.7752809257626576,-0.6842706978265937,0.46035400130481163,0.7783909024265668,1.276432338473303,-0.8405033702983561,0.7128232574886275,-2.1819713468886137,0.30477573141462805,0.2764275752579927,-0.8046408483536835,0.445717911279461,-1.9378108655966555,1.8906122398143472,-0.4015231356421446,0.3939170131705978,0.06187219168078124,-1.1786472285765772,-1.1424144588916993,-1.5144706612471728,0.6838090907140797,0.705310744796147,1.0983473555024923,-0.3387108815548035,1.76912186059828,-0.6259556349845667,-0.6744615544020248,-1.9174966396163313,0.46498646003505767,0.3243886262109478,0.2150528204376837,-1.3764514316952878,1.193155487139096,0.0577722366147329,0.42126112838397867,-1.0498327392150757,0.3536192429091931,0.8827981949630865,1.0559749296920387,0.36278226505037076,-0.35380342689834127,-0.8636551622958479,1.6094019004039217,0.7663959454522871,-0.27222765561035256,4.5405527388502565,2.19586472940234,-0.9026189714821905,-1.5976985328193314,0.019858414524800336,1.3127927728342004,1.1586717947598342,-0.8307219668194497,-0.4784153067399605,-1.3533448392152636,0.3266611288944421,-0.0007475806997489337,0.037387208486140994,-0.7915214796799602,-0.8318670926088748,-0.15117514180152858,0.41239761946876174,-1.3608348748567416,0.04142069922295919,-0.582234380214724,-0.09217390079111185,0.7758754446034423,0.5964158691244886,-0.025696994258001413,-0.5806351667882113,-2.1612731814914845,0.2620041007148958,1.3454811651382108,-0.41727174234330533,-0.7024785377238552,0.8667310255594861,-1.4184892338306112,0.6515345425917587,-1.0301675997603357,-1.4134466479449441,-0.532102402344255,-0.9335080261382503,-0.8325178201957502,1.7171656637079704,0.21856117262740657,-0.1474770826469696,0.9649235087650175,-0.5339456097352246,0.6954328556363346,-0.35372929836150585,1.6551455589732063,-0.19245266366367303,0.7060473084130783,-1.5103869202974955,-0.3985344724560488,-0.37128422771848674,-0.2862400266662874,0.3166671285878828,2.2016550159038193,-0.1529420240071199,-1.1762616052210157,-1.3751352244514399,0.5794501079571664,0.2895709733757911,0.106623929625313,-1.1729506546630806,-0.5946358344052216,0.9924298870022642,1.1978102189597328,-0.487323728673883,-0.45157392189322243,-0.7183347531027726,-2.176695966940023,-0.1411368104859096,-1.619331081501828,-1.2612043303330085,-1.0663048818399783,-0.6199453499148225,-1.382684449937472,0.2919068568391023,1.0546875598425858,-1.6930586080177514,-0.5012009349546881,-0.2188835369956474,0.4075405429027466,1.9280464245439686,-0.7104239631554836,-1.4365546955705515,-0.2626589477368735,0.7088988961100992,-1.1286435773794417,0.6564798056520283,0.4918277273961123,0.806522265440419,-2.10954665334382,0.4809468672690638,0.4735474655357263,-0.5761063117067446,0.6959983481,-0.5231230571536538,-1.0281940330226818,-0.6685939760650371,0.3195559238572345,2.721407062947386,0.37701040475347775,0.7217529831742556,0.793286072483001,0.001164083084872489,-1.7791039612195803,0.121285444517332,0.06988531367637238,-0.47364795175879015,-2.2210885245745704,-2.125990123324644,-0.9102959362608982,0.959337132894106,-1.068161391124595,-0.3252685600269241,-0.48825429547704297,-1.3436992432576178,-1.5564721666408567,0.8462316710692253,0.474680525635054,-1.745533382206868,-1.183676282710986,0.5552066382804766,0.10084806164929608,0.3849051474817558,-0.991317706375581,-0.21113345217253685,-1.0240899767052556,-0.8689185632008785,-0.3541364744572099,0.9346771728507627,-0.3560220310665986,-0.531008518386817,0.4419607455570587,-1.0673013376609402,0.08734308004795609,1.531824335981937,0.4570818775965863,-1.0865516685066048,0.17598373014756286,-1.3704266242626717,0.785948236680523,1.3956341300636117,0.26201200722472584,-1.6538490263847159,0.3695179594356301,-0.19217348673100304,0.34395348895092037,-0.6540114596469443,-1.8088946043170893,0.6910105091674965,0.05141870435823291,-1.6530828195487293,1.4932901701292207,-1.4415946873746053,-2.107607733367371,-0.2687972161620943,-0.30045589596772876,0.5425217253389726,-1.977885692245643,-1.036201641075476,-0.8182582758192832,-1.0164082071457883,1.7406007328325133,0.46425970405896716,0.8475052883713039,-0.5799554827953708,1.1041509490140047,-0.4204057004251269,2.355620007762854,-0.7496410605033256,0.4889402665380478,-0.009432127608432128,0.05874839233008292,-0.028820074636587922,-1.2401308951494983,0.47979014868734926,-0.013492814071273203,0.08696150977098596,-1.5334900471804889,0.1909032127476041,-2.8632134950455543,-0.2873190942897956,1.1528591838450808,-0.5601770028905746,0.7029557862740239,-1.682802908001164,2.0731920610295442,0.08853603259555462,1.292309952269125,-0.061411534177245104,1.0613519463951016,0.6185612612435498,-1.2376633498131777,-1.8362926594323428,-2.2949518606634483,-0.7524149165635952,0.17362250049904324,-0.5947229605677458,-1.7218922462482569,-1.1523168291330106,0.8914252278374412,0.869725202122937,-1.2434006305205905,0.9375772347437071,-1.2454384204306226,-0.5019917147451595,-0.36903839520525,1.0753693448422708,-0.5988897188691954,-0.36984653344306173,-0.6806796547275802,-0.770862260820921,0.5606501270354683,0.7741838811714172,-0.48837335880237726,1.6974153572231123,0.7227769132577325,-0.052047857540026055,0.9537091297819995,1.3254799035329856,0.6045915657994345,-1.3089912896001625,-0.32685833492675975,-1.0562672314823565,-0.39379138813730113,1.4982277949819993,0.9234610455641712,-0.5809391803089985,1.8546415075019023,-0.9121817032821357,-0.574769735366842,0.8023959233272919,0.16314763847979616,1.1630942025731763,1.2015076751746026,0.2688765653545756,0.8599391039722184,-0.23157234118318415,-0.0699615288039818,0.23066005340718645,-0.3235421745698614,-0.08945622407559338,-0.08411394837125642,0.9535677832769646,-1.2001960028869252,0.6928051838486828,-0.5272681227660448,-0.7312893553640973,0.005754702738563027,1.772066510919643,-0.01634557439976914,0.6887131607710126,-0.8799757111411922,-0.45636806136017966,0.525433565211096,-0.34483573167700854,-0.0008768631227663742,2.249628780344056,2.036632010092166,-0.30079013767604934,0.838686336888156,0.1500028491856346,-0.2791189447247433,-0.5017270643119494,-0.41171740757858755,0.796802676467832,1.7972128534850806,-2.3587127171866626,0.5590376729527384,-0.5747370653345,-0.01478642288121612,1.790240027551701,0.5582070377507113,0.7232643888189557,-0.10778629722005735,0.34146887518502783,-0.7412434741954513,-0.20647079185328573,0.9045954988062761,1.0528414958611294,-0.6202843753503227,-1.1436790096545923,0.13468040303059048,-0.8605089834213037,0.380219415827256,1.6043055678347808,-1.5662686874224923,0.1262397844570369,-1.3856424413657091,1.2827058470735149,2.8218320676630824,0.2801349637710681,1.1059977631655848,1.0372899206653134,-0.8901923664052953,0.7414006867803198,1.4415926737400266,-0.011707841566966712,-1.4887205083954915,-0.5149036980787424,-1.184004498827506,0.5090134003341035,1.468156987911915,0.4049316563656081,-0.47860308639539023,0.9828710489177512,-0.7299601146368305,-0.6861567815863601,-0.08295526800117499,-0.3250652835483858,-1.1473749496824717,-0.8778192653453711,-1.2731503224865024,-0.6753734678361011,1.2065810900798284,0.6073555563970399,0.5255120901653249,1.2444195889149092,0.6024104646641488,-0.744944289484617,-0.8243719228344248,0.7993932337438264,-0.7042452049387914,1.5843192589219999,0.19286108059381124,-0.9214754871292653,1.4642258979842269,1.835465763076649,-1.344777339189647,0.4784223570172822,0.30575957167299933,0.6269101039204004,1.449427456907308,-1.2946623897140919,1.5059800446733353,0.7320780503546364,-0.2688589823409147,-1.7496780092762834,0.6540830243425152,-0.00023304461497846693,-0.8338887312109972,1.643657639227901,0.08012272457639123,-0.040987482785728835,-0.8000476992544981,-0.3010497260710558,-1.7427718960501786,-1.8496302202593198,0.9784969790554414,-0.42294727360531864,-0.28974998931563206,0.3528114633745863,-0.37924864063245584,0.24067669233523858,0.00727883620909331,-0.8781225363044518,0.49534563506016854,-0.9962961018258016,-0.8724396667587523,0.608590105760073,-0.27040310144592417,0.7671368886538825,-1.4045338466783435,1.0280161653332731,0.993250524472644,0.07623578463922635,-1.6042756591133216,-1.0002494510021103,0.569207552733403,0.5384517511857211,1.4790569116968377,1.518901697006796,-0.06603914004231652,0.6089364805208883,0.3636861009226732,1.783265139735712,1.1875863268507334,-2.666005549764168,0.37681571339298636,-0.8516579880408115,0.7193243874870845,0.007420565979315405,-0.38987783026108674,-1.7065391431090908,0.9650680599486371,-0.029820256388135742,0.7000918343756382,-0.14817319638148457,1.465763180659489,0.1795131872989905,0.49896624299500664,0.6585055510693139,-0.9583326922652584,-0.4691461237831845,0.48341042888812713,0.8637022354992865,-0.44407063033545713,-0.3879722063236347,0.406134474018796,0.14900266288390124,-0.44121300858925083,-1.8606674945350863,-0.6607693276958786,-0.9789449646382157,-1.0892402821553697,0.475024969717282,-0.9443880794251115,-0.27464532021780996,0.3361151508542114,-0.589684443352922,-0.8631742768351274,0.09170810919404078,1.719720982784205,-0.2291863089701163,1.6231425064229255,0.5279328856255916,0.19101383560929752,-0.8977666729326739,0.2348554780889682,-0.9705143062888429,-0.5957161436077275,-1.3410899054377923,0.4893092967696269,-1.6435789334201132,0.4961662794287785,0.9788569829904488,0.2003266634672268,-1.4480877012325835,-0.22146842149620632,-0.5683897081426539,1.2670522860827513,-0.15718276436817347,-1.4002157597201612,0.3245134488150376,-1.3616795934983372,0.09941569111033313,0.721159268997805,-0.7555198110109973,0.6093032581410007,1.1833123798624667,-1.459431347294498,1.511513345380669,0.10103339369258231,0.34988846010434294,-0.35723140301818573,-0.5100765309847706,1.2777323800762879,-0.8701775640708738,-1.3883610071912749,0.6839124821378512,-0.7583639438575248,-0.5870624787886995,0.15831068696921788,0.015142236785231947,-0.22379952823877383,-0.9413594098976142,-0.2802671728335313,0.7894143980991621,1.4876816199800935,0.2621009119678134,0.46182513517902624,-1.3329195627956454,0.16124032215959888,-0.4319893703019336,0.3366182275131907,-0.21197505327778637,-0.005993183852223215,0.24112533658658375,0.15023037243093382,0.22181586432504083,2.072786844856592,-0.39663772034547407,0.07303109594873784,-0.04413818602729994,-1.6172095170197587,0.8065351826138283,1.5050775970727954,2.029780392025086,2.0536331645612704,1.4792031706498918,-0.3503327320622387,1.630307173868139,-0.756186366797159,-1.206047408459953,0.15233841449236332,1.4083051238250244,-1.1730190296342218,1.35258260880752,0.36761095991878867,1.2304871373257433,0.6720866414252382,0.4327168268655408,0.22426875525132942,0.14852427355972536,-1.4467062893719593,0.33486671667540663,-1.0774587289886726,-0.7210733632775191,-0.22584515262923566,-1.4833963085833448,0.549216520286457,-1.2056331207447308,-0.5467135234765446,-0.6253407610472533,1.6240979796202697,0.361332851241206,-0.26389910687191853,-0.6309836766746321,-0.79527962786243,0.21324006133656292,0.16295091729712938,-0.5443103326488474,0.11295625647024544,1.3202084583941749,0.8548197308322917,0.680008911246776,0.04208637533859099,0.6002671492735124,-1.3572321330923358,-0.7200187466115929,0.7976301536626171,1.6894121070086012,1.2722057845068173,0.07967189622897855,-0.09605495612562695,2.1744640464454337,0.33134124352798455,0.23579278700973474,-0.6945272171962102,-1.091370002520062,1.6932398846222472,-0.4659239652533297,1.1307453771821294,0.4904485603029727,1.3434501555484364,0.8446661252789556,-1.0967260698306676,-0.8589995750738353,0.4619309234223564,1.1316698848517073,-1.1354882512070208,0.6850195527952628,-1.10510262607525,-0.09958013558869802,-0.3176663442663495,0.7371146025944902,0.2057444737605716,0.2578986264398374,0.29330678056058274,-1.4553247379547969,-1.0621737236571667,0.9305812563611401,-0.7920947183234713,-0.04237418328752099,0.12885221052546297,1.1251112397973524,0.4544917419382861,-0.12342583377026498,1.3882833364455107,0.6834739111728144,-0.3801241974093525,2.165052212640235,0.03740970675390284,1.005326681049776,-0.3974596086617574,-0.027141605013261256,0.4690919240817192,-0.4736138584468247,0.3990702917877913,-0.6818915797536952,-1.8085340042162261,1.3771536270666864,-0.7230388351868585,2.3446304290915556,0.05839910619832321,-1.93446315369826,-0.8944049245078505,-3.66173641998232,1.903975907919923,0.43707653355396936,-0.33143606502216577,-1.5714778207752338,2.3761398228210893,0.41557320009203297,-1.8870211547917008,0.2583295433923898,-0.7920778292483209,2.8209046607377846,-0.29498313159092976,-0.3600095757167267,-0.8618840554237868,-2.709456815102465,-0.2639042960882841,1.2325869622902403,-0.706238986293438,-0.6233300481338572,0.6876712286703401,1.776965714522218,0.6138246713904391,-0.7034285674906814,-0.10818043441473078,0.29858404541438627,-1.2443329375146863,-1.0578765253514084,-2.794525593841608,0.15817542672412363,-0.5191886295233978,0.8597094688702301,0.5798015856106944,-0.44584618267893616,0.3431803728853265,-1.9905193099393519,0.1800301137507765,-0.0035576313922317223,-1.7950205741964367,0.24066259808948925,-1.6819449476336057,-0.8748891856019185,-1.5403416475691027,-1.7621650972729717,0.4980023705567964,1.59763670003585,-0.10358986778103928,0.5245353974301206,-0.6340312083762347,0.010156620637949747,-0.3904967692200544,-0.9603401022659633,-0.41526014296068675,-0.332469737956162,-0.580154882795201,-1.7964020452848646,0.8001630489117736,1.2304626665161749,-1.0620793209322774,-1.724328981102467,1.0802847784451137,0.6903119975801736,-1.488362972606308,0.15956762900479377,1.7897349969925764,-0.5040140098298708,-0.28131713538618425,-1.2290007644737821,-0.501738104734693,0.7989947743445375,1.3484782316173054,-1.9515996631224712,0.8849588323130311,-0.5822193870395316,-0.8238458688399347,-0.2154727478563331,-0.28794292763117146,0.3230768891127745,-1.1889535228007078,0.08573569728459474,1.3025260514460295,0.18857206262487053,0.7040404937473468,0.23253478605550468,-0.09130452003070827,-1.0147331115820284,-1.6458871937958897,0.9792228628820341,1.1280248718114763,0.6491948562755027,-0.18923435761984425,1.7453604503624787,-0.8031301383067524,-0.33334409365815654,-0.8798617966765755,0.39827274162069654,-1.16079921382728,1.827107411668465,0.09935962162463254,1.7660062008275925,-0.5770365698898032,-0.9755070480494985,0.3468980804456292,-0.6780806995181716,-0.16125821146370828,-2.7255551712272923,-0.7978901997995306,1.8471457541495053,-0.14043709780529123,-1.0628748375689132,-0.5825588324868795,-2.0396955276941484,-0.26995814993086337,0.023185401717655554,1.0235458561763324,-0.18070759902948919,-0.5643100899007283,-2.2036353877125006,0.7153248075560015,0.13343094162490327,0.3931655294670664,-1.1798821788431377,0.8238900752369912,1.247372487126042,-0.5664251073133806,-0.08965140521387223,-0.5633688994057929,1.3708530892529425,0.26130782320858237,1.2028809667836846,-0.4823713517039933,-0.30986734378858144,0.3924241773961804,0.304357866478955,-1.057469988122456,0.037853593095329534,-1.2692721577947568,0.8409307537548638,-0.2456612892717209,-0.8818150798617177,0.4796807129684265,0.1181249355015193,-0.5823447155344688,0.08253374167429223,1.3926081292635781,0.018564574342067267,-1.0509269171803517,1.635949013479279,-0.664195529368066,2.9203638705210944,1.0927047473280604,-0.47913554745070036,0.5419901966577372,0.7893833688075783,-1.4807932626606282,-0.6005390421157113,-1.192701181069621,-0.6420176594322731,1.6211329366940312,0.1374771007173352,0.11175644578543525,-0.291719064667551,0.1462010686018043,0.8452859076173553,0.8141512117720763,0.8121272342129036,1.5821797562733364,0.5594997383128206,1.0415807002009578,0.19670822702188007,-0.6143368691421236,-1.0077901064752741,-2.403945180666326,0.5333107416771011,1.888141208327869,-0.27557252528849546,-0.024565199914063317,0.8484352501614775,0.9823949557729853,-2.3794075199747935,-0.3358381531040336,-2.2078507677338766,0.4687804538485099,1.903660423953162,0.034726501975010246,-0.650844950578023,-0.3341059817113345,0.719151653726093,-0.2815535309527899,0.5546443689994836,1.0764188011697762
-0.12444599966973317,-0.19054461208694196,1.6606937187191095,-1.9889388118075946,0.580580249260317,-1.9033673991428344,-1.2006241049880908,0.5306121286233966,-0.1332556502885357,-0.6983674403143945,0.5104107997524155,-1.2892122366209513,0.9789838488719971,1.3649673630224766,0.6063162677274582,0.3402771536916244,0.2615609878392466,1.771389084424384,0.22062459066995277,0.036493821662409505,-0.4218283102391853,-1.0098714620739921,-0.6550969954744287,0.36650515062565925,-1.044883490291797,-1.9893409126169361,1.2437311447506092,1.2591393522677163,1.743129817316576,-0.43737241243823854,-0.09369738470629226,0.7144536082696119,-1.0228915046632225,0.7531239137640685,0.01513198775134385,0.15427539670672694,-0.5921915543891324,0.8824058144977349,-0.8971543079433367,0.9982495161930688,0.3089572992314633,-0.25010442023607127,0.22847166189620316,-1.517575561245545,0.85992084025245,0.8433164896477112,1.6088395052817768,0.47138901417480733,-0.9438840012613154,-0.5942007686242887,0.20811866282355634,0.952585674325931,-1.0789268675929253,2.282182841220464,-0.6510808240687167,-1.118408911992201,0.1538752236465331,-0.04345652294497288,1.0549147301589725,0.6741215991328153,0.48421420155059147,0.41047062139655116,-1.1134396868596497,1.4254443128346117,-0.5823931951347571,-1.6347417535618527,0.42012224358297745,-0.0866280650483593,0.36413101048045127,0.7436451822487202,-0.1626245899772686,-0.24819959871384528,0.3524950317638154,-0.06848412283272058,-0.551645108934983,0.9759555397227977,-1.581460794193544,0.2742450107878017,0.1763158817305927,0.7581010092901529,-0.832074388012271,1.6638650041611494,-0.9616819293841691,0.1535190544983815,0.4670403277922494,-0.47960674074878656,0.12742293000267757,0.7011756037929329,1.0898285109318684,-0.9171500953500609,1.6848400085526452,-0.2815447150696048,-0.7312304019014114,0.5108829902257275,0.3172139833868827,-1.3481493010923578,0.568371122575659,-1.1637965596608912,-0.7096605321723335,-0.6641940578773966,1.1432771383340494,-0.6019508693124037,-1.213270946653182,-1.1470067254365315,-1.9014123815573027,0.5581920079767845,1.8286226338528746,-0.5149168804849861,-0.8964992946868254,-0.46716908629271126,0.07608366340864947,-0.7247250247549191,-1.0568941689667808,0.18687549392908023,0.5311911540162877,0.5836192652616626,0.502950321229353,1.3801204806073888,1.7939854842339742,-0.12452569795061964,0.4245614037747659,0.23210566601180913,-0.14058358601977508,0.052347890963970356,-1.9674447546623481,-0.8628404810244465,-0.4809792487246369,0.14550512505619548,0.06797727701580382,0.6635053639424281,0.7838701937375122,-1.614196332405243,-0.04239163319392822,2.3887866759643135,0.2837283798097838,1.2826972391277116,-1.339155295476072,-1.2056328841981685,-0.8549244750605308,-0.6641811239709493,0.8643900523416124,-0.6845562910338818,1.8077288561459188,-0.29897863633989474,-1.2945066801475371,-1.5754330818323845,-1.0901972329039908,0.7770689541565986,-0.7424070805780134,0.2719250376612257,0.00879022627384847,-1.2526855182597316,1.233689839130149,-0.4391015063887956,-0.031022799486960587,1.352083931243581,-0.38433187761237675,-0.08539731040066216,0.6760714783959033,1.0854681302753197,-0.1141287060457902,-0.1514406318170994,-1.2986156027390363,-0.7178742028029123,-1.4407011307432853,-0.28729592235986967,0.2936264504100681,-0.48957474621253316,-0.8538751628284076,-0.23378452357486756,-0.6295582664590536,0.7759391036499489,0.35083271102075325,-0.31410059392613426,-0.40561003863004486,-0.34635870879611025,1.4111335232257238,-1.8461709381863187,-1.901328326019571,0.1487812293735775,0.739980113041641,-0.22735317291299806,0.09647387044956354,1.1080866465537567,0.02916439674017017,-1.2728389942767921,-1.8001564563631165,1.0249167290275587,-2.2919948363309386,-1.3115777982313468,-0.7646014206364166,-0.36500930693513534,0.32661251796129015,0.26909147840347186,-1.8310177118364102,-2.388878107542373,0.6383929945505576,-0.6705713165271713,-0.3385399450335914,-0.9351253610689386,-0.49794896483654033,-1.2369345345706901,1.1712654440912666,1.020601043243768,0.455274826734965,0.7666853064004001,0.3656299542402208,0.026498118663630086,-1.9476462058531534,0.105030791598124,0.6118852549366723,0.3851303523328111,0.9163770188769862,-0.004523326468790695,-0.06736245823589143,1.3918880774074094,-0.17371358887502325,1.0155193361950277,0.35092845705832854,1.4752567663287137,-0.7843161967442838,-1.3150178527415237,-0.31332296197840837,0.427364633143109,-0.17082972519316483,-0.2700416691363834,-0.16887435794213457,-1.7096639447694788,1.844385933490006,-0.18534963395284648,0.025329221039505776,0.5830791559953766,0.918073429526864,-0.4559978794462487,0.9475340508593709,1.0163950225773444,-0.31250662822517267,-0.1494381696128447,1.1329255241961929,-0.4998988755562908,-0.31246282949025345,0.13380659274902823,0.07888184646564635,-1.3409613837656347,1.1698183073774908,1.168172739887906,0.28097637595929076,-1.4671587612370283,0.19037114067182845,-1.2521006874024334,0.17382269795752325,-1.1614671606417608,1.229891610458842,-1.1681594959862258,-1.615353559129822,1.1659143636777523,0.7043781097095492,-0.6892835217392055,-0.6622013861307187,-0.7136477682907747,1.0345285381772058,1.0431716683639711,0.5239813354612292,-1.763905325180511,0.13684944107552288,0.4203497567788539,0.1303274219650958,0.49314241178341783,-2.0567029688031373,0.19853500639027813,0.023378701922309307,-1.1512396246218108,-1.2390429032889807,-0.5399842150641356,-0.9572405043662274,-0.1218141764396495,-1.4152208735284482,-0.5164279304646316,0.8409179191402063,-0.5998805245132184,-1.6955271705318051,-0.5665207379133762,0.7070420444742492,0.0642266896070223,0.6920955343696823,-0.6045875035691941,1.1908331929151121,-0.17440173064284387,-1.8191087860078925,-0.8809254012390637,-0.24231406598276498,0.6169957794746056,-0.1520237698452647,0.23084407961650455,-1.5037489548064584,-0.4224657845787802,0.010372510409271037,0.3219849046311873,-0.49385522280011623,0.8727986804467274,-0.7643020039128605,-0.5903499220630426,-2.0337885926105237,0.5509335557887522,-0.3456793457250702,0.5944696118719203,-0.28115610478901415,-1.7075470037349956,-0.006497967149588374,0.3473331091087777,-0.4751681821737877,1.4886080481887016,-1.4339443150416171,-0.05677768935112094,0.9292142375810366,-1.716343314003351,0.03070733681339147,1.1703224626985893,0.43421972579614526,0.2933031099518205,0.5816502374412663,0.5689348582646254,0.7267657035134445,0.07242489173317648,1.324986773519924,-1.0364822966068197,-1.4277806840541394,-1.0710912696769588,-0.9984354638401914,0.21398598722568998,-1.1896758292787555,-0.050761881050469165,-0.061691531857010144,-0.3996143310551608,-1.88495114871708,1.0023548561944173,-0.40526868554909173,-1.6468521920022543,0.4186565475705643,1.1450620907557172,-1.410325869797356,-0.12119062131914711,-0.9244924479710047,-0.32223717562860305,0.20511304976116096,-0.46646851249883514,-0.4203988590666454,0.15745026447839075,-1.4943494461231326,0.6460369251612496,0.45208482600331085,2.4636200127683785,-0.8479551673036257,1.3383858157663073,-0.8203688871369236,0.449478020528091,-0.16388102304158714,0.0314262652693884,-0.8065670095178925,-0.8520606084614815,-1.3110646912788473,-1.2176232274791685,1.5371997047657942,0.2046250187119374,0.2909916154536528,-0.42115958469711906,0.41934715355157387,-1.536786833088426,0.26779943563795033,0.5454793508609816,-0.5048428821508504,-0.15821474934707472,-1.2430341174118027,0.8321538433179053,0.15371589883132675,-1.7139804744436158,-0.6413607193871439,1.051180087210216,0.5724762396483081,-0.01315057353820855,0.03777681050741003,-0.6495215664823268,-0.17714760399878327,-0.490839548979139,-0.09164356854106603,-0.5237422032553061,0.22297319942468632,0.11835443837762213,0.5386471546860433,0.3380483165730715,0.7596838234582334,-0.31124032483161346,0.0768061584717805,0.03975498176639465,-1.0197021683290972,1.239488442215695,-0.17201740247531108,-0.8138164918635694,-2.0190547056841086,1.566122091535831,0.28765503688989624,2.215789016250624,0.08780031523335255,1.5401202774907239,0.5555032511867113,-0.6968914868364383,-0.2698177720563166,-0.5144959048240884,0.9196314555354184,0.8633267000153453,-0.16427467278651858,1.1510696539722782,0.18417538859122587,-0.2328808786499605,-0.8181782669327169,0.3341123559813428,-0.45769800751553547,-0.30514069337894284,-0.8528823450894416,2.218367478463756,0.7253163739134451,0.6484675680204154,0.9099260867761582,1.0503752149260266,0.31834485240968924,-1.7045160816929643,-0.8628552561677523,-1.0822787913101364,0.9365345979998043,-2.793373912219867,0.32370827672036145,-2.2390902795283103,0.7255695557909086,0.2825878336633456,-0.10294951694399351,0.9536531193730144,0.09866384272370612,-1.2703565352312836,0.06449365415992689,-0.32739383263016314,-0.3628828338429158,-0.039917764969575435,0.5817507109558699,0.5967701954799686,-2.249127818516006,0.9364784534946113,-0.2177852152024996,1.437020615774683,-0.6668390814621589,-0.6030927927693277,0.13314228593647845,-1.2836227429513787,-0.15609421718331123,1.6144215530680857,-0.363768125591419,0.579195005885344,1.400847485227833,-0.5862035143004255,-0.5925135585708755,0.38339285459948086,0.06668230056149493,0.303524203349088,0.9848551062129772,-0.4538975621570732,-0.02664180896360527,-0.26840915849111474,1.4707865987138302,-1.3225974103685547,-0.6590541160339836,1.0494233750577127,-1.053847732609048,-0.1015003905844552,-1.4827864568101972,-1.1033822570875305,-1.295652434678968,-1.6334168183792799,0.7977270512804879,0.31563897413514386,0.3583810260291004,-0.7624928452808666,-0.6525382243770503,1.32536382893477,1.8935587571073706,-0.5977719474534322,0.19372510335566528,-0.334372630353775,-0.3536997136167714,0.10731253195562082,0.2415376666095969,0.1758527747859885,1.2659105321222948,1.6339786332019985,-1.77553045390419,-1.0204467877520618,0.2184432815421947,0.1343548838462112,-0.09408998198007403,-0.3016345060029468,-0.05646948374115201,-0.3412914050969806,0.9852462974099411,-0.07202980983392394,0.36075243461404516,-0.173134965727606,0.42586273465741015,-0.7076902614409014,0.1058940515133224,-0.5148080298056935,-0.24313479972558513,-0.6214935073991631,0.2979342795110259,0.2983872113932708,1.3738361451190126,0.10376295061292079,0.20083649568407239,-0.5768353738561414,-1.9375197255254963,1.902472961934045,0.1209779923058477,0.006796856511121865,0.14182819770369945,-0.5767098793652728,0.3094055334256674,0.6072947525065059,1.200999458417974,1.1971841354709112,0.7070883703418194,-0.8437510391659921,0.1836004594488141,-1.416331437387465,0.6466715363364977,0.6452858369773509,0.026376641830918025,0.2527731447466735,-1.114503402329112,-0.682362837043359,3.4617917931018836,1.7963007714496981,1.0437324865627495,-0.9731204287941488,-1.354054032187868,0.1408159004717718,-0.675804511832607,0.47741707069515193,-0.7453098886898757,0.4842583132808642,-0.7095337752351573,1.2375332064882283,-0.8065894747572917,-0.017518311775171398,1.6227700939384972,0.3579306439842245,-0.6782132451899776,-0.2945556770112646,1.4775328964536933,0.8783967290378591,-1.2292744820468302,-0.18275659731086452,-1.148289150296485,0.7553702651597488,-0.6411879024714634,-0.591835636813821,1.2295715994541616,0.5470108514096572,0.18880885217241836,-0.24865828721920977,-0.8547596911296679,2.0872516295194465,0.2939255523952005,-2.470584191850504,-0.28999512528313603,-0.5123689058763058,0.0037615494348456897,0.941931242491642,0.310111157282611,0.42876068116143884,0.8835704480604142,0.01585373718231272,-1.347346524825519,-1.433194456060003,0.2364375224896789,0.48664607775788105,0.31279027834188056,0.0215836349918898,-0.5515628540255838,-0.3864982421173336,-0.590335658120656,-0.17851252168581833,-1.800404653157213,0.9290697622397152,-1.3944000024650032,0.43292840773576674,0.599108267818389,-0.20628777115099814,1.6577217615853714,-1.2264567431384108,1.4442246109617358,0.2263040834242269,-0.7082818560079281,1.1001340793012313,-0.6293528719903619,-0.4616343261672671,0.8252146526461113,-0.13584643138110192,1.1065270090518655,-0.9719755017020307,0.5347313684485429,0.7863868973681135,-0.2697651548322912,1.0684142304512243,-1.0053491636157141,-0.572642676370984,-0.8857393236205543,1.3825510088799862,-0.9065993750659498,-1.2130912124571773,-0.6208866687416956,1.1861617378932503,0.16685794117102745,0.4696048017296602,-0.42107392872705646,0.954172492260227,-1.1449924886464766,-0.41725466434221203,-1.2600250430994793,-0.5141288575317999,-0.07481118329648023,0.05918087250878129,0.34012686416926624,-0.2085230618727558,0.19817840105180853,-1.0307117112766941,-2.0450990185697675,0.23980941801594105,-0.785364014861204,-0.09097306778390522,0.9867411240433674,-0.8393033489941218,-1.414306926762676,0.32906276703976406,1.130130212442001,-0.42992567132421966,-1.1478625466498869,-0.7008735720337154,-0.80588129328729,0.9041922188306113,-0.3968926284917652,1.2851107757499776,1.5591809980791762,-1.3241619116614554,0.020798499054829,1.0790995461291746,0.8211266627059138,-0.6176145826004835,0.7395916548142553,-0.1967860327955473,-0.1995230939382992,1.6416011551426692,0.5983124221852436,1.5634114832740373,0.28910317743697433,0.9101581678593686,0.17867317752197043,0.40633962979483945,0.20609599138928134,1.0184242068797298,-0.1571470287450572,-0.9135165457582057,-0.8149117228744738,-0.7497142074121607,-1.0984916866629997,0.7857457868200972,-1.5025036180083648,-1.0188443045106694,0.1885363821205302,0.5932667066036807,0.7763485122093319,1.6794801734388944,0.19898388030246975,0.639756880162267,-1.2069003318044815,0.9118834982327723,-1.3604656903584904,0.06397641752654554,0.6509248891423417,0.2286679408250565,-2.3462488667537995,-1.6186814822805948,-1.3989067016165875,-0.03659749065848546,-0.5446801782140285,1.343349587605274,-1.2837367417021848,2.5072808184801887,-1.339497712693581,-0.3653003574133814,0.9208280086693579,-0.3074399215292034,0.5701544458249291,-1.037736690625271,-1.6284839285361277,0.005987022340062184,-0.20990142887328528,0.7654220923255622,-0.5353284185675687,-0.7494227936381482,-0.33675765689069265,1.6364573674850464,-1.1772226360538551,0.0005859468149664881,1.0929168763315134,-0.2821738931426653,0.9454509526466842,-0.001325086607320307,-0.45170716654083143,-0.7278715152674261,-0.06085708299167477,0.9255128276518322,-0.525547103904629,1.9579579576823205,0.6937299013303729,0.8775294450809856,-0.7802699300607191,-0.22084653315233155,0.47651457485348053,-0.031645144078164385,0.9169926145380229,0.559635387139206,0.46001249477865386,-1.8157258967551193,1.2012649763179382,1.0249436222919572,-0.36189628225052567,1.5181512041176115,-1.1857774181892675,-0.6351171130355329,-1.155588627724651,0.6029908263278264,0.7055576344066372,0.0524348622151416,-1.264264819725621,-1.143793685269602,-0.5050046886444088,0.5039878470558136,-0.417563597784741,0.13007684280865367,2.1080110831536305,1.092381628765122,1.9388277556761515,-0.47930399570427634,-1.1915405602049105,-1.562362976331422,1.246780858080265,-0.9667557562223055,3.081095081424541,0.44137669631094173,-0.055070358259031026,-0.31869840112107534,0.7764588599080309,-0.47241475029123287,0.5425445605328644,-0.934027622962377,0.0823174534861757,0.35594552574024624,-1.4749590088785218,-0.8395701260031098,0.650760352580163,-1.5041825373366642,-2.693080392678363,0.9524854262395177,-0.30476136605941123,0.07950636394848853,0.3368240524118425,-2.3657292391548324,2.352950352801561,-2.5508478185163095,0.1323130811643149,-1.28584559533594,-0.16955643810193385,0.8961300905267119,-0.49817392626832013,-0.2511111322693771,1.194252311965504,-0.49071780834916856,-0.5305850554474267,0.9596032439940183,1.309931456688599,-0.13244488238759713,1.3940645152257398,0.887359074936484,1.148180412793354,-0.20959184001035677,-0.362642127621137,-0.30831829778697073,-0.002780162847348216,1.802313478530995,2.6629823590513784,0.8709410411758,-0.9505675421741796,-0.6518373037084452,0.9099805126503583,0.2855778972976156,0.8156871456722803,-1.6054698335621176,-0.6452252922343468,0.01250087868429397,1.390772866632287,-0.0388150035677,0.5389872996892953,-0.9406435441341685,-0.5938541068887009,1.6121450447866477,-0.4111659652707826,-0.17196992700202038,-0.5348022441041542,0.49319263700634075,0.6987129342599635,0.25562930752407953,0.5286809413283866,-0.18759038376754394,0.1466541491774563,1.0437758646957866,1.0085464678249572,-1.3421141905265277,0.49791219646670465,-0.01946379131854528,0.39383335894322336,-2.3887755831768365,1.605787383066513,-0.23564189720548942,4.294649727381302,-1.0716187939499806,0.8122880353277221,-1.2261403274131053,-0.22566164399406996,-1.9252875512112342,0.5873866870632615,-0.9033629882278751,-0.17032575756281215,-0.0744046754859,-0.10781410776280377,0.6874585954807625,0.20998357044961383,-0.2967654526554159,-1.0849825603379648,0.6680617135761053,-2.4773898201677054,1.7151910573208364,-0.5627839833733498,-0.032342305588196105,-2.5433573800979694,-0.24765304556541876,-1.3801991238856972,-0.9183462684164848,1.5620304327993335,-2.406784445131637,-0.2256154660816287,-1.5484792356107968,0.16146753721194695,-1.2240688714118677,-1.5806329641167443,-0.10357889800517288,-1.079543747028467,-0.6563433067835663,1.029792243552791,-0.18238673690875937,0.9078536147006339,0.3445517198184545,1.3080251487591321,0.7885728229113652,-0.6564687347716863,0.0385703614534703,0.37609182225426924,-2.1804821149673637,-1.1058863204110068,0.3362422235912476,-0.3992423504596634,0.8247186293269189,-0.7719778812618006,-0.3466564443611035,0.489719819016853,-0.43306258451640767,0.3222573217482924,-0.14674834380955148,-0.0714183223593973,0.5696452021024689,-1.3331954235466341,-0.539069755789435,0.3000629140229393,1.137113083343877,0.9852079820761966,-0.9519181470080024,1.163998931733785,-1.0605359901575266,-0.8456386398009962,-0.41291976737487435,0.9763019894524152,0.08095653944051329,0.6887372358396058,-1.6250427530394693,1.5518329561733952,0.3542088838803443,-1.6777051307211481,0.4080574649149393,-0.807361412369824,-0.2352947718220916,0.5235490028024203,0.984555464955516,2.7102967117611123,0.9956566921330714,0.32589322854347186,0.5461863362017719,0.08823265415878818,-0.5933694078069599,-0.3576773482663016,1.3404240670187682,-0.32936770350249994,-1.55354123694299,0.12763705124689745,1.2791501868949222,-1.366974747180548,-2.2486068190180513,-1.20869992931284,1.5079093820276752,0.11038850238075341,-0.9383557022171118,-1.075502688317189,-0.245251773576197,-2.1385249909009945,-1.5718758625364837,-1.5294671160664226,-0.5833069086233993,0.6714000260102309,-0.47558670777714473,1.1529510239930378,-0.8968882076176087,-1.3674292166509248,-0.9137371177345757,-1.454803160542504,-1.7095908020055897,0.7881403298839735,1.1253001311586697,1.2098686326484,-0.34626599013668546,-1.254811957356849,0.019684171320003736,0.4614171628308061,0.8193987734531792,-1.6588154047286583,0.3256590364607426,-0.8338205364735316,-0.09530645751421461,0.23491470464009545,0.37712231978347643,-1.2591292358112367,-0.9322013610686809,0.03964097120607822,1.19262958417482,1.616776440077126,0.5175353629573626,-1.7428926223776726,-2.2506454065294452,2.7870261567086656,-1.3954074919998183,0.499133948873297,-1.7566338069772882,1.053881733910164,0.448552613855551,-1.009865435293385,-2.1226940224373023,-0.26840807521361076,2.006376179316854,1.4755538781201678,-0.08412356171349038,1.4510026373532396,-1.3332977265895112,-1.4479610397669118,-1.3110310852223175,-1.3614830254530026,-0.7523896473984666,1.143043165147384,-0.19631392927438776,1.7789870862523751,0.4219206871451274,0.8112349714280875,-0.37801987401978787,0.40776708661613453,-0.08625761948161408,-0.12221448784674667,0.2683014698432031,0.7555047538765948,0.7165042207357056,-0.03590088123718412,-0.12579743180046932,-0.4252652371512677,-1.5344828754212163,-0.41468612997194315,0.4266143279908761,-0.35025950984584886,0.26830618456598887
-2.217220964193467,-0.2663427765690017,1.5527866934198318,-0.8941547193173647,1.9396209177130121,-0.3477773252689623,-1.9941986315623108,0.24176456794611886,-0.11204010720013254,-1.8400131747785664,-0.6579607958530024,-1.9381949917445178,-0.44388928458841387,-0.31403020615330757,-0.6468898324442692,0.06299016582807455,0.6678824802774089,1.7982921786935802,1.4674148842211359,0.09479122712182543,-0.08984743829441223,0.02000433032016926,1.4257595703767951,-0.5775283598384559,-0.6151950148978091,1.5222829181436948,1.262300308130196,0.5517332726563119,0.9302630307275349,-0.6875188548016706,-0.521831869908986,0.4500438631160985,0.39590963003948665,2.8071754740128303,-1.2520872699531052,1.3378720646413258,-0.6944830888207716,0.4414462536625686,-0.3528709891217644,-0.11173291927256015,-1.2025656840415013,-1.5661979693499446,-1.1785853438004992,0.43948480110589255,1.8630400835434504,-0.03991440791626867,-0.32191532598954153,0.07266043909300629,-1.0886735510369874,-0.7893425473843017,-0.9692000950271793,-0.1891790936167419,-0.990525322787439,-0.7246146866494643,0.7310780083001309,-0.5590425138181591,-0.33614554979583905,0.49108809177367874,-1.5136428243810311,-0.7229192785464823,0.2578078357530576,0.23083772277709808,-0.5863156630307486,2.170875323330077,1.3247161120528317,-2.1161103383783697,0.22126140839882744,-0.42925200848304557,1.44755344565444,1.0587195628042745,0.7406197792123626,-0.17755298373075454,-0.3540602979751076,-0.3873836815670724,-2.202159812560601,-0.7799830327703227,-1.3823270299714114,0.10949684982069757,-1.577160256172921,-0.07505953987135643,-0.43939644231715197,0.46917867003702507,0.5093977239960805,0.14981623367185798,-1.3329886835778688,-0.4738786119079537,0.8635224817581401,0.09869117089420824,-0.5900212377816723,0.675450934679703,-1.5176043616351444,0.5787935075895352,0.010311264041225425,-0.28370620243055317,-0.39891331560503807,0.09570487029597316,-0.987383290905721,-0.19640791929234214,-1.2713654425077336,0.47691277791285974,0.3829284487860149,1.8149680132221404,0.46239192783503014,0.12388901322481953,0.20400650241117427,2.030012895080266,2.9871607620582266,1.1494890349661953,0.39955791970386295,0.698412405587321,1.4190809418789967,-1.4213314218040844,-0.15170831921742867,1.1798022944679356,1.6886644497120624,-0.2462816988179281,0.16427912263269784,-0.10100693403374814,-1.2520662372488598,-0.42793509802449525,-0.667610688278942,-0.1299817239095955,-1.3663328932671126,-1.250458724226527,-1.0942440625615828,0.5277156102812937,-0.20187190968386556,0.5696049047758146,1.3146470420526395,0.8987250907106016,-0.3695219896228964,-0.7825087309945499,0.2807786281315978,0.6924810958849239,0.3257143599237586,-1.2982881798812065,-0.15220891616046217,-0.5800630635658743,-0.19994077244050157,0.791931816481951,1.380141111392952,-1.7305799854861275,0.2346738830161664,-0.018001930723747124,-1.0565915214234611,-0.9528725297824104,-0.8108100008261316,-0.21629675925921618,-0.09462334150603942,-0.44860695498687786,-0.03882000314506086,0.7634880338806447,-2.190553256363502,-0.602824664468239,0.31988983379212377,1.159369737935051,0.34698822047194505,-0.411721870667401,-0.7995344283751987,0.8768654945242276,-1.9429908789541686,1.0307529965460127,-0.5074043322359765,-0.30453360749786945,-0.5204864448057138,-1.5874046967072133,-0.10276333406835134,0.5963592921834415,0.01570850201057744,-0.33307729517287926,-0.23913389748882802,0.8974971943732682,0.2727435996838409,-1.4492042005890717,-2.441996279985044,0.9516839146767525,0.24057720826164514,0.5876618066387483,0.5273817253654982,-0.07872931287739417,0.25815575559310666,1.4142150439146814,0.5361400123165655,0.2427346861346335,-0.08617429860293033,-1.426291318374473,-0.11654822017837403,-0.3052862280455925,-1.411589622133713,-1.8118029824669462,-0.826151013155442,-1.3318173542561664,0.3572679744539378,-0.8585673129442833,-0.7965201876083177,-1.5362250534513544,0.4047287284527909,-0.3863205094139908,0.01054184406457856,-0.013992403070503782,0.21326219777017272,-0.759492648140892,-0.16054081897087402,-0.7443661295822706,1.5413287388168093,-0.2842027093181897,-0.0007821166219367045,1.4192430869723154,-0.4434574211720412,0.46170523437824285,0.27217608895293394,1.1476652067494366,0.7339716400448815,-0.5742918642852788,-1.9740014307313218,-0.6941765347781809,-0.21835711332826493,-1.3382433358528123,-0.2134378794830033,-0.5029620828038504,-1.4616630584911239,-0.6768343245607511,-2.46173721194247,0.058295800579009495,-1.5016692680726256,1.0351057008865197,1.429875422888473,-0.46578210835625206,-0.21583785194864094,-0.2070136949151435,0.5563393094341125,0.8321099614159868,1.1481132050502811,-0.9889803185126413,0.3136183935127345,0.6998902890586622,0.6085221288671891,0.03716013370914475,0.21078624374504654,-0.9369883789637058,1.4447094014919548,1.2369726954028475,2.1199034269174235,1.0535442502499575,2.38633968624494,-0.6750091621648543,0.6484108069456065,-1.9808219946306078,0.7053497044191417,0.8765260318113686,-0.6950311761220793,-1.152566149101981,0.915949377240514,-1.8136139922005945,0.8549079009734157,0.3798456142213093,-0.15952593038275614,0.07634496813231324,-0.14561583400995873,-1.5728120440196511,0.5735662423219752,-0.48372673635134344,0.25098757426165214,-0.09701070476077439,-1.0762641441411738,0.16885158641842965,1.5687693761853412,-0.7894404752238707,-0.9354320400143598,-0.7473761495939483,-0.7557689521468178,-0.7448133846544363,1.73683105847649,-0.02273755784305155,-0.2456539374133364,0.18473863182916664,-1.1414929968886431,0.38089130138952826,0.8290117442030055,-1.3280173544590308,0.4483752044855102,-0.5530195518918914,-1.2792078114251038,-1.4856384730512653,0.004752222232653494,1.4753564303158908,0.557767172122459,0.12761382606168262,-0.31501974505066194,0.18444735305057477,-0.32000165990107693,1.1155797597049957,-0.28485092715868976,0.05346857343875872,0.9468416464691939,-2.1614726218467117,1.977295780337272,0.9844597626909751,-1.0817199808575506,1.1839265341147098,-0.24751728595015465,0.5844682528700645,-1.1402529435296582,0.7143875875146987,0.08583044076327938,-2.2359491688643955,-3.4001888871823263,-1.4413538285600551,0.10097206924503561,-0.6403925990380687,-1.1129027460977357,0.5282047020405729,-1.715342690279655,-0.2853713160755571,1.1357274453710857,0.0173764774309111,-0.10540179287443316,-0.27257412195804315,1.8072968169745853,-2.6636541007489623,0.037729321896827296,-0.053548867920358095,1.1311141106373142,-0.5097354891664603,1.1368211343439871,1.1074242336988271,0.8887002840411884,-0.00795773629758117,-0.14940931891274944,-0.19577552836553672,-0.4790682240348074,-0.22992730430493644,-1.2123523529863662,0.9522421054163964,0.21301897857103508,0.36670745006349137,0.09184029116851158,-0.2343564936369418,0.24411408676188057,0.30665433713307044,0.9015543448498549,-0.7617813022979412,-1.309547975052794,-0.04229050122818901,-1.5708318472318368,0.09954813988321604,-1.5265059146059534,0.4004070264009618,0.2172028191493574,-1.9407899158139617,-0.24481380659413488,-0.47283623933163166,-0.9892233724305826,-0.09836106804856608,-0.17461645242552515,0.16691078988744318,0.8615710281576423,-0.7272437590409067,-1.1470899933596845,0.7832877980071056,-0.9780859339690885,0.7545725660646428,-0.3111792605014504,1.5274082254147652,0.16994786758059074,0.7336828752116328,0.6135191637993476,-2.140623024766702,0.7330184276661991,0.14224859067358414,-1.547417170965913,0.05666408010204187,0.6332903262715125,-0.0013148987710629514,0.802205803859872,0.3100078078253336,-2.8961863974669293,-0.5937344134520001,0.3591861780419857,0.40247604227331724,-1.452678108009381,-0.9048617266323717,-1.5572904260218967,0.188583734865277,-1.5023540446342238,0.3640016385005163,-0.18301557499052729,-0.03496760037653143,1.6149960449327971,-0.7133050037628509,1.9406782637915008,-1.1340879703579319,-0.9801047664394907,-0.9364409074685196,-1.4966635413052967,0.5241095582815684,0.6220724119183978,-0.6040830696458181,0.3487583487830889,1.0755817170280106,-0.0029212776713697258,2.3726480895564492,0.5528168460717839,0.8497585373537399,0.4102269459467327,-0.6283108377864639,-0.5018770469573697,-1.589727418507887,-1.326735986070266,-0.34326712526266745,0.8033668868329309,-0.0913201079629329,0.9248418990443531,-1.810963165227235,-0.8845107802554851,0.30650204676982123,-1.0318047695972872,-0.9436930906049085,-0.963150558191583,-0.075521722820169,0.2165252420751665,-1.2896714254262898,-0.8926022161263483,-1.6110897974908711,2.2853228189980244,-0.7511235426743561,0.2577879421843166,-1.8296766885334288,1.976631702094282,1.0731010284618927,1.232232574657469,-0.6195294655007093,1.3312668957104805,0.6577356788992823,0.10294929184766834,1.513396765070065,-2.3085767042319074,-0.7314802143935683,-2.4807896444889836,-0.8469072112834451,0.9359919861570958,0.44365441456622196,-1.3508619301304472,-0.37588568892007423,-0.2277719560427123,0.2548556485176547,-2.002593525789953,0.22352579494013455,-0.1026970272454365,-1.0219757050856744,0.23029928221158857,-1.71266413318861,0.8096893515732764,-0.2511755615093975,-1.8383367214170747,0.5906749004159418,1.3188570484744704,1.355272929519314,0.10733880112896031,-0.16101127375851673,-0.14631500074461004,-1.3683071927434185,0.3179958870187172,-0.1982591072567912,0.17336503296347308,0.6739168335940906,-0.2406545550757582,0.10201384959884421,1.701811620217347,-0.06210292745667267,-0.8469968246786809,-1.05881319763954,-1.408581430850769,0.2722686750107913,0.13279660799075305,-0.653658388476306,0.7415793542415648,-0.26610122233106837,-2.3189860528773525,-0.020015242839326958,-0.4689992270397429,0.9712943403693699,2.097867958597064,-0.13210511528691382,0.7838219219114827,-0.09169568703446113,-0.6695245342401739,-0.032868561074031244,0.19953303810928252,0.6516346096820714,1.8179602498132068,0.06798623653918005,-1.6744751330363385,0.22689193657795367,0.8562013846991104,-0.6793245099840663,0.1645833294183417,-0.011582043271546083,-0.8156319888727624,-0.13615315741583597,0.4733062509357504,0.9712996300395137,0.46271278894981616,0.09112161785177762,0.251796104112876,-0.8239733652977961,0.920481525757637,-0.5014038435087657,0.40022790391336865,-0.08728075431266769,-0.41351590676539257,0.6164451693674259,1.7655401807768811,0.3946691377992181,1.462246003337787,1.5531486742221852,-0.3507447349204065,0.5978592650112919,1.39782454518817,-2.027231757022174,0.9659604925896,-0.16333494646006755,0.3919945320639833,1.4978555023678792,0.8347046773492638,-0.5629844065698891,-0.13843312254378629,0.27921974251333287,1.1878850133695904,-0.93366894840561,-1.3519374333700231,0.5612645095348833,0.4277894524878506,-0.13648781612557337,0.18943541661324215,-0.017418134731631705,-0.5599340432945216,-0.3031228849852702,2.3901827344584574,-0.3654799114939165,-0.8231871092920071,-0.4818001938892905,-0.4762788466626579,-0.25346360285934944,0.1689075496169603,-1.340865051697487,-0.599650806330342,-0.012556992351516544,-1.5826652210337357,-0.044213338503422385,1.2884062073825195,-1.1048462037404743,1.3704468586340663,-0.09183466689897997,0.5825011734582325,-0.35558510976172064,-0.06888042728971372,0.07446450656617995,-0.09071176120326732,-0.6740157369640721,0.9865094962857671,1.2143797254887039,0.8344757077888006,1.0287450539208736,1.1977372976592324,0.6931300657214006,1.2185640212859559,-1.1136219896396953,0.703456138570232,-0.16776229133798434,0.06505335638789522,0.6416583860301591,-0.8839483143506361,1.0232578296413806,-0.8534911331911156,-1.1405447343500081,-0.7913652313544659,0.7371429665673667,0.6315299525966416,-2.167210764009088,-1.6244303519027645,1.5261598985878009,2.9758940203202964,-0.41411424542938,1.2847230443558997,-0.00015151327467363685,-1.6110221809676692,0.03530790009365494,-1.8117737730649235,-0.15893060663396888,-1.2261163266546462,0.16903388310869302,-0.1924350326594792,-1.6077327096508176,0.07246590999646368,-3.1065429632405386,-0.3077511322423047,-0.6670155316546352,0.6355109831239335,-0.17560783651175155,0.08746768424601403,0.5379489935054211,2.3824270832295285,-0.2789281893138278,1.62246660618058,1.2677000983478035,-0.02561319709082884,2.15512945974735,0.2265733718578771,2.0829661395862757,-0.3448410061927272,0.6632968621879805,1.1943297429616349,-0.908089435925146,0.28130930231385365,0.09153118731153367,1.19288781487581,0.6268509797100061,-1.3857738233045722,-0.2126694668812424,-0.9893018475345366,0.6581654234991241,-0.32254596608873337,-1.486102000200063,0.5766909537268569,-0.616623793031938,-1.0934908581792246,1.5080604724323845,0.8358450564342192,-0.38301873762008204,-1.4669643445851348,1.1043625120422973,0.5745002315880936,0.29351144540721913,1.5775754455033246,-0.5390039948704884,-0.5970704956980978,-0.6389020649709993,2.2628379957901843,-1.0152764850604659,0.8859319711071553,-0.49757949194147183,0.9346356508529017,0.2311944252138338,-0.7565569617931953,1.1980352065886497,0.791397308368667,-0.6649357072252325,1.1431233842703143,0.06999952869385029,0.7960174757686019,0.2587826067181535,-3.0408400916250686,-3.0655995781295524,-0.5559363910884725,0.19085559388763462,-0.1088209103725488,0.6019072265842996,0.6774849884780189,-0.009234293092108487,0.07298865047406784,1.1435933259969888,0.16012674244940195,-0.5462457393328695,-1.6203533679944535,0.6438844839658803,0.9957300657723879,-1.463084859805773,0.4691714368189475,-0.5484261327803498,-2.2520302581804343,2.529109923366445,-0.8336782865365614,-0.3768017870256306,-0.2806595564741787,0.9707449142910347,0.0856284815221813,0.8128624573732328,-2.7019410051927975,-1.1683677227171232,0.3010322809650321,0.7772437197647455,0.1990038385237001,-0.44541943533719164,2.41666275111027,0.3692384257670538,-0.4313919065510778,-0.5391786393254616,-0.38060280661089513,0.19900140782653428,1.018742420317506,0.5946517216803724,-1.3608705880228391,0.45833524955590504,0.8774436455377711,0.0699892972930476,0.5789269709804716,-0.49447987949406674,-0.3324758284750382,0.3081536464895245,0.06014448923907174,-0.9061547184126855,-0.5221036055261606,-0.23628952183114252,0.02581621842179084,-0.3048926267946574,0.03855102544366721,-0.2414119334873378,-0.030656127047984223,0.5114171920523028,1.2932593908110892,1.6571994848293512,0.4617768180900876,0.20283106371080664,1.2251864470671925,-1.4958735038928046,0.6733310627807114,0.23838584689159006,0.22429211474482755,1.205675100586506,1.8756942748588823,-1.4018842301696686,-0.5365691476722726,-0.1562742338454773,-0.5923624180642242,1.1109758261670613,-0.3650842362224947,-1.1899422386407947,0.27524734453727195,1.275954209826198,0.31951774657923354,-0.21748246287752157,-0.17038472806339158,-1.1490735176451057,-0.2589704395109169,1.7597951799485798,-1.1259915536449285,-0.05507825277397777,-0.09657891388924164,0.319766814463168,0.7090115451568535,-1.0800438162933645,-0.9587609630127182,-0.9371252396432401,-1.8885373236860425,-0.14325880492713566,0.23337002051693748,2.196601108539948,0.4919871897853198,-0.7650753755352244,-1.220363191770101,0.3483384276798655,0.6775415216987419,-0.887183503850727,2.656590775738314,-0.1397818402314911,-1.0303087591242654,-1.2100072042332441,-0.1280638123752583,-1.3220096832786967,0.4271182017264335,-0.5908257520584219,-0.058728703482020514,0.5545882192419492,-1.3857939234172971,-0.5020762240214403,2.2820962065926347,0.7501680227904646,-0.812569473365973,-0.6237301963199948,-2.0209622841178185,1.534794096282908,-0.18312933637591208,0.2670840364755816,0.1637515558052499,-0.6030468509850847,-0.7345081972597753,-0.7976688362625991,-1.3257630725272513,0.466020291667981,0.1962105433909678,0.41157001579139035,0.06631822760043204,-2.0337599104265984,1.4335593120747439,-0.4920639942121326,-1.3380015665385774,1.0712967526300974,1.5416014341069395,0.004667198078106991,0.5600436182326028,-0.28803706851021094,1.2938910441222,-1.3408406146576362,0.17848765821374113,-0.3900421773962937,0.43600770940412686,-0.13475479370605897,-0.44528321676243804,-0.9474621131187797,0.3249944174897611,1.2492949963368007,1.7394911964096857,-1.673376591446618,-0.29455557227568446,0.018763598292528903,-0.013517598434939987,0.18870589457215206,-1.9396661471499943,-0.7735992849678165,-1.0833324430151638,1.2895287606249597,-1.0384230634487965,1.8005527463968571,-1.7121646247180051,0.14105781765290676,-0.7911286736307516,-0.18477161293677774,-2.4366270605115266,-0.48557562333201876,-0.6680601935235227,-0.7799806253728803,-1.0779646914529384,-0.418581541817447,-1.2101173175493567,0.26800477311227633,0.09820229166009929,0.48946996765070044,-1.0749662623727891,-0.35169300146021387,2.1077625051512765,0.25048383983163197,-1.4198860924365815,1.2287459064273707,0.5930877652708323,-0.9150483211550307,-1.3059059213800301,-1.750824066744873,0.6536992216422484,-0.7777414022151312,1.9698461153847178,0.12092592586539616,0.331113285059337,-1.2086757107863142,-1.862471791074461,-1.2902558805479392,-0.25953321556179487,0.7874663756017738,0.8008818611778963,0.31934755232561507,0.4439600343958007,0.07526385835716509,-0.6400996881771803,0.24875020679365162,1.5396475856753011,-0.22587144562478575,1.4010586964281952,-0.6855087484583785,-0.20329947568101753,0.5559647755513134,-1.5729488445529585,0.2527331548072714,0.2620638623382487,-0.028140426385509558,1.5770265629704672,-0.992389242350941,1.4838282483450314,-1.5588356863741455,1.3192357538899975,2.458611299484308,1.5875747555442479,0.5593016068168327,1.7970633588298355,-1.2701582535243674,-1.5870144728025017,-0.6792150878400369,-2.5572602378890483,-1.3323798975230858,2.192583535350768,0.24034056593648895,0.046052855114480734,-0.11911677544243013,2.007265843868922,0.36179930020310413,-0.07239300123472407,0.780955929163531,-0.48854073727771774,-0.8657013773239151,-0.9893330479418107,0.778090502391896,1.0419428880399608,0.9204468433405939,-0.19953996673402524,-2.021439113514929,-1.2512186577283453,-0.787415397249438,-0.23445894817803534,1.7975989923064597,-0.882558505481993,-1.1729507707105455,0.9371498128972674,2.14013761902693,-0.8726981235995359,0.2140536830068986,1.5702154642034667,-1.235280297350061,-0.2814596435417989,0.11725124104177852,1.4730757356993496,0.8177730224937129,1.5529625055439755,0.7316558045110391,0.2464939984965421,0.9299600949091065,-2.248377584061177,-0.3155953203640215,1.4280658434500382,1.6589685277548425,-1.8890843055591409,0.5119304765118504,-0.08455519946868954,-1.0840382893007119,-0.23530811633008128,-0.3047437589160683,1.1396881494838542,-1.4548292823040034,-0.5470203715440042,1.303255986232507,-1.1028644547971054,0.08814856884467574,-1.4155730603937495,0.33635897873771553,1.941534168812203,-0.23216818988181756,-0.06815115224013422,0.25154818498949333,1.3348039623556034,1.4237991071031988,0.8893066740469363,-0.6878938021770756,1.4786397165919456,-0.001296839612500578,0.15950306020867522,-1.4074133916878981,-0.24720122498525324,-0.9325760468526844,-0.05404353590782938,2.7779855902942616,-0.9317559773536745,0.06381465626544608,1.0964996616815792,0.14323658334138056,0.654152821658814,-0.08841599003807582,-0.9243403670012939,-0.5889346102316652,0.7714869942371346,-0.5478571602086558,1.1316464456148283,-0.8345405583827661,-1.3798954213686396,-2.7537326911150544,0.7020134275025275,0.8924613942833879,-0.6862979511716257,-0.551714346152672,-0.26312394462626915,-0.7057529701125427,-2.4456382927848845,0.17482256518453423,-0.512685614861307,0.14977030056933152,0.7771213063194214,2.157266648932478,1.3842087209630851,0.5017635474665061,-0.7574787405726822,0.3997800694762766,0.3270472044849684,0.4014508778679874,-0.33609286809778194,-0.32619576510934384,0.7496558782806482,0.7199442923655497,0.5378752245747632,-0.21350728892000276,1.099878122108375,-1.335444176914065,-1.0809472942049,-0.11216673922525826,-0.45304041528301936,1.1826221354012338,0.32635729233161087,-0.6257847116735907,0.09935671065436404,-0.7248253365936471,0.20961767208950943,-1.2975015150471347,-0.5167545668461587,0.0796050998543934
-0.5978871111363532,0.4630365585979575,0.31408473046803503,-2.8668457114157344,-1.0630863768900802,0.2532483052096646,0.7397457158952432,-0.962383601552051,0.24589918870578484,0.44521216926379414,-1.8804127254730507,-0.40685762582957846,-0.6519325917322132,1.3761317171368135,1.6069965491136364,-0.6727219221403492,1.8893185316695182,-0.8492961169288294,0.4865412077409701,-0.20613431976672242,-0.5104658251359812,0.34990726372888736,1.3301706365482482,0.263111172409144,1.008171522536595,-1.697507951199693,-0.26156616089082313,-0.19986439751731183,0.30087420908586965,-0.06107033570525982,-0.10572195871229974,-0.9606519818085076,-0.11628721849594276,0.38826808294033544,1.0817364919038195,1.5529963432407137,1.343735533045273,-1.0086820539217227,0.8404729007879073,-0.7973004588621037,-1.8706286631842917,0.4130889557977589,-0.30562261208320407,0.344395169281293,-0.14145197040766727,-0.4984931928816082,-0.007501949754752883,-0.49370631888549826,-0.8629696635353563,-0.5296882207929666,1.1750240010436983,-1.4928942132566558,2.6282046744880248,0.4051556318883354,0.6307396291053866,-0.0876575068723183,-0.4834982539949791,-0.6156354926078185,-1.0170775540694554,-1.7785736575800162,-0.7935334389119079,1.2841055275999365,0.00016890246218631541,-1.6489094504554656,-0.7739968387747619,0.5371847880545999,-0.5266384698478019,-0.4749660827509552,0.9727172753471867,-1.0005707113519378,0.4405295679246768,-0.7835666137978818,-1.2873851153023246,-0.6499071311369642,-0.081013089774807,0.41573860485371367,1.1861942558198437,-0.45393416411902404,0.6293466786064177,-0.23002624013554077,-1.8302028695602945,-0.5860625239794436,-0.303468282143973,0.5413084506303011,1.6402725375872769,-1.0603018460062044,-2.2072463948047796,-0.8322853801687529,0.3523544201141179,1.907001109310446,0.4465867691674643,-0.4417913152774303,0.010075667394961574,0.9976247822098918,0.3469834814624557,1.1678062646810587,0.7533838793929579,1.3842893924133732,-0.5540213493948232,-1.134512930456931,-0.618094361358782,0.9595873365267339,-0.2620607432882898,1.2615370038059144,1.4650898375990296,0.21538005448781877,0.9474211063496177,-0.5125045798032279,-1.599192242299914,-0.46530489553867443,-1.5701512073594832,-0.2918743949594473,1.2935423581504717,0.5553989157271857,0.49848869313155414,-1.0892849638365651,-0.613744104519703,0.05061086599882284,1.7884449516459608,-0.3948259313536669,-1.7043897944623723,0.4426335315145217,-0.32681540571988305,-1.1305943290005291,1.0137863447699362,0.2688726758938593,-0.2621161616845223,-1.2081396939126545,-0.22108210968859596,0.43534639587691043,-0.18948644538610337,-1.309574512710999,-1.6594786078966501,-1.618083885978375,0.3407425611239784,1.7137017172268754,-0.4253117978818358,-2.116452588401826,-2.233849410441152,-1.1666259064081876,1.8099376281872648,-0.06507554372495372,-0.8655373669858937,-0.037666565218302424,-0.022243370882586395,0.5341854282815957,-0.30429170427619695,-1.448871528989729,-0.22318570548488634,0.5215932639178965,0.6386478888728082,0.08830008275114526,-0.679271379560121,-0.08367575721816822,-0.32044964028540734,-0.8980894980096416,0.5657471396808313,0.9324947812665018,-1.1024473001223822,-0.5644913116353651,0.6984349595713751,-0.0468922641284347,-0.07920561048714714,0.48499649678783885,-1.8596595846054311,-1.875701957169663,-0.3211630097795353,-0.2413961029803355,-0.8475046027214553,-0.5699913834026887,-0.018334385205046013,1.1357437407641946,-0.22964284667549367,0.29797006367338436,-1.5237919883942714,0.06164477756054288,-1.266412857463713,-0.08285528455109918,-0.33175077395004965,-0.8489920314429317,1.3358088733641775,-0.24050913496214263,0.2501900824901297,0.6691934961655799,-1.06890240666205,1.0163889199865095,0.9496631396254871,-2.0923537077665286,0.1412259145508601,-1.0137416315488526,-1.2568530162241902,0.1480586713540647,-0.9404389770805139,0.05825412066414683,0.23866170076942853,1.0663387788532144,-0.005617416420405021,-0.3616166103349642,-0.07722405146427108,0.8246614936588536,2.6334595415004634,-0.41114206754660376,1.400410993792779,1.791355023221001,0.0783085186473003,0.19680708794065893,-0.2407072658209786,-0.013318142737614828,-0.5952634417810794,-1.0359832598885814,0.1915294802475447,0.4562201773914,-0.7888579296237618,-1.2424289551372008,0.9055220853673811,-0.17605640798635483,0.6977914619343469,1.1934920540376455,-0.7665443284771345,-0.12590453471091542,1.285024376714574,-0.48125196946352167,0.3615139012157409,0.8146366819825787,0.6045037708542639,-0.38605829823019033,-0.17356494818850618,0.37983131101563744,0.6522750704319773,0.7175532558229364,0.2196195632155078,-0.5792488518734017,-1.1728726031425603,-0.8492305792282357,0.9716459224452114,0.38723959114534817,-0.8944004276406478,-1.7207823709688435,-0.3760151501972334,0.940932816775783,-0.5608377198705318,-0.6077159966234097,0.4845970006418169,-0.2662051061074813,0.2652710853364359,-0.7814207936221315,-0.16253413347185428,2.2683776321355746,-0.6124914442765086,0.4940934183017715,1.1164405670780408,-0.7017491795008393,0.12636500863707784,1.8501740978955228,0.1765186913981754,-1.5836520118273463,-0.5587941423552494,0.12428263419206073,-0.3744487193925391,1.737145365022498,1.0165293796975865,-0.7705609246762395,-0.43724354451263764,-0.8847245379948387,0.4436462816123484,-2.2132078697493425,-1.4045062854774304,-0.5116129882533726,-0.5759483352519397,0.422030780802865,-1.0365866108752062,-0.5343683844146551,-1.0608026297506505,0.5098654348291844,-0.12032351468650264,2.0972663676774834,0.4403975863681428,-1.9529237350784538,-0.5738308046377003,0.8833785672781584,-0.038639518594756984,1.67775835306655,-1.7533700805530694,-0.908524779334493,0.008483668556160963,-0.7795200442088002,0.898316475046201,0.5195535979598542,1.1513879657527473,-0.23549892622945767,-0.0326862637404908,0.1531471181792422,2.1273510946086076,0.781908278509905,0.6013990908827761,0.5134762698900034,-1.1874535357106801,-1.5430183057041715,-0.859455192800397,-1.084734492973139,-1.0774862916654178,-1.2829697276117638,0.6036605607962434,-1.0215217598152622,-1.9476198933113162,0.08202876848637924,-0.464511094262816,1.7756455839191585,-0.4277225107187152,-0.32785424195917146,0.16330541691038972,-1.2733629756924167,1.0008324926867447,-1.4099087563347628,-0.7888425431840118,0.9428193321270937,-0.5198732784362653,-1.5632327942326507,0.6489463252947213,1.780618380293537,0.5963445465674014,-0.5455823579772108,-0.5723558734197589,-1.6415069717422957,-0.9661862735157782,-1.6952115409494866,-0.3059361039412754,-1.3506458012943656,-1.2715219246574359,0.4084194217866184,-0.6968868870446127,0.320585131876306,0.44326683570800385,0.46904266410724055,0.8937063950571226,0.35736712941169085,0.7458894104602259,0.9152461271704385,0.8669008152508062,0.5600936957525172,1.0260624981970161,1.0862722037648485,-0.013500034987369028,-1.1424155571347083,-0.0015203324854027437,0.9408979664541196,-0.7990886876211707,-1.2239550307994265,0.15761220874341905,-1.2491743259397237,1.028608345756417,0.18696637149551323,-0.9473471255317516,-0.9406634505322569,-0.9368179839308861,-1.001442235920897,-0.22220988984000561,0.5602527016250487,-1.2754077226460252,-3.430691111251855,0.898751004866312,0.45110383886770794,1.3603322439867698,-1.1295302768788127,-0.5088908175706706,0.2044265422079095,-0.2647694260199063,0.9020043005911556,1.4667671918773304,-0.5352163460366062,0.303028099208162,0.3685345777368773,-1.394494497361855,0.4855376864395967,-2.7670083605382803,0.10927687031015465,0.527506002269604,-0.405816080801443,1.3052483182402232,-0.4423701726628305,-0.058173362035443626,-0.38223859014311024,0.6074397504438612,-0.6594042136648799,0.28248624174248094,-1.4791048323184075,-1.0796065903956082,-0.19863832019092173,0.12318259989434917,0.5559975437672416,-1.5509780874781713,1.0522576495573441,0.004969924790047862,-1.8420416549225949,1.392485525311813,-0.5159869894378218,-0.9980851716057823,0.41312173203462493,-0.6511533300076924,0.23889801898601762,-0.39973609056076687,-2.5906905036557673,-1.1114922341042692,0.697469717804901,-0.3683394694805095,-0.8947204080043042,-0.23080782666666516,-0.4691687029343406,0.7644665019472836,0.08709809518627659,0.7633872633125458,-0.7162471583364471,-0.5761988382191042,-1.6541971747942192,0.5079328326114165,0.6220015101218664,0.05666722529361068,1.327079233417011,1.7426119653504257,0.8677425430101354,-0.8620665718429852,-1.0419878978086965,-0.19511852095644333,1.5053427802269446,1.8626674155595566,-0.3027298228349176,1.572167657333915,-0.8173986728845656,1.7046041705631545,1.2364914626557346,-0.015983098691309604,-0.37427672943142826,-2.9487917990132884,0.2884092245740899,-0.8388176996578403,0.06477923027653347,0.8188442555081737,-2.539212683500179,1.1437729116241369,1.3628795200569905,-1.5897825219982247,1.3061178832471574,0.3382876671062915,1.307843959504984,-0.2410231496294677,-0.3279768023472678,1.113310421514382,1.3721016272220532,1.54297212613973,-1.3991194770445943,-0.8428597038130144,-0.3212465222542918,-0.16510712746291026,-0.727682588785261,-0.25721539023140944,0.5855304470248996,-2.718880347152654,1.8687494892348695,1.4556210822191296,-1.2808209359950866,0.9608445878498709,-0.03530246461078592,0.3766335784093409,1.0306641388890774,0.3717646975672043,1.1313436290487624,-0.9664786767829012,-0.11222729217175813,-0.3037217306672449,0.7702855671665925,0.8445664379965588,0.6234185964035563,-0.6779566938938046,0.4193287734972052,2.5847807241964538,0.31812789072869296,0.06499159877598228,2.052353460293402,2.032515802078555,-0.1854505041489263,-0.16600407770071288,0.18628983334351742,1.6945138061291016,0.38124329263473167,0.3430761722247668,0.5668307454430326,0.9141154385032318,0.891644083656262,1.0624452749155802,-0.6301183929652817,-1.925481560549511,0.16583501529053649,-0.3381262611102314,-1.4362071309718498,1.262205469520511,1.1305347412711597,0.03433334549448457,-0.6924981809835672,0.9742008396585474,-1.076922756422126,0.2652772572416076,-1.1789558515211345,-1.3857874353279565,0.3182742675125824,0.8895919372141725,0.41882184918468746,-0.3367982357129182,0.8113337858780945,0.7688386671754734,1.169894727326282,-0.9122361265328779,-0.19322231033326145,2.204283852256371,0.13167007503865485,-0.05410862421539607,-0.6771726064759273,0.9689449947944123,0.5636287977483774,-0.7420631756516848,0.35560660222810064,0.23732769067115644,0.41545398924817206,0.8692939568767325,0.7993944117571373,1.1320969088338144,-0.6466450350181528,0.9708775890311311,0.9743395785551401,-0.9005176680833802,2.182417795906106,0.8621961273743224,0.205540522748616,0.9609179599561005,-0.1492593448954201,0.7908125762184526,0.7433322472790821,-2.0424235636997197,0.8067770524189884,0.35761688266616365,0.2873977446234269,-0.578365196811181,0.25297311271980827,-0.9809855563100454,-1.2140889624687836,-0.20117218026042194,0.16419107362830465,1.2810591516144314,-0.562355834831161,0.30988405322936635,-0.9396066587348642,-0.016812622797400582,-1.178915043575104,-0.7545827876434174,-0.2866618592538489,0.5269796186285072,0.46984833231033357,-0.38078711510267826,0.07479986878628574,0.5871443208237611,0.3741352811162707,-0.3013558749386044,0.9991415932421702,1.1550221961950484,-1.1224127937382276,-1.5440162570446518,0.15639906643371812,-1.0013650353258476,0.6072723861506223,-1.3531886259340995,1.370048828261409,0.5449247649757634,0.7195910629053505,-0.5463538437739682,-0.12098729674964259,1.341286607881175,2.261280297002631,-0.06748725646074732,-0.0002000987570112171,-0.450110988016492,0.16867656156050048,1.7760291505854893,-0.5627130391225602,-0.022788781916135672,-0.45431246368342876,0.1161864729021454,2.031431058804018,-0.21165625467704363,0.2918452599971592,-0.8239674383779325,-1.8376755320821458,0.4135856717712484,-0.8429316123967913,-0.11639649961126909,0.42328923452012224,1.8460206517029152,-0.46510081983777646,0.1548225722622359,1.3926730233414772,-1.2120667785152126,0.018419210129572417,-1.198965000882833,0.14342665113921446,-0.04521377452252336,-0.10409485684687626,1.0948353956472614,-0.6416519291287124,0.6308909961889981,0.2980749927592585,0.3448886767600331,0.7941693304824915,1.4585262826918055,1.34691471617322,-0.14266352972495183,-0.06536829883546177,-0.4304753359555673,0.5137153088671751,-0.06995424656838237,-0.6239691897865165,0.29994289400256824,1.90289380820268,1.3476048224697927,1.2448829378945232,0.8893072152307737,0.951819965965736,1.0696261436635783,-0.2904805090158921,0.3054646592429619,0.4899202378101713,0.876819173151613,0.44281080527067096,0.5113965929037159,-1.390735696522026,0.36168904188679724,-0.08743954774858113,-0.8133201315086683,-0.7110867602493324,0.6295937782897184,-0.201716388316007,0.7308058483836206,-0.826652997725199,-2.0343263641770304,0.573046140908177,-0.6456302780775409,-0.2947280511753505,1.7974753224280495,-1.1121268512737394,0.056249860334434076,0.9297893265860006,-2.8934012914017906,-0.3158586421993891,-0.31612367189205653,-1.1111810540073177,1.4856258213830884,0.9511832278381731,-0.12127651017352545,-0.16505687021791882,-0.40714728999698635,0.1312348790455246,-1.2710265961745912,-1.051801954420528,2.102133025844579,0.38407654515823264,-0.24529273025283543,2.5987196306974965,0.9961974724524298,0.6830422761434197,0.725758626534349,0.2808455485562269,-0.096678830133055,0.2755087635947827,-0.31353436514899496,0.03644178326096123,-0.21895507199085146,-1.1506491309118125,1.3202282081285923,0.33507075600366815,1.05661147024267,-1.2044355645410048,0.4098249358831208,-0.8752370174309403,-0.3432261590949204,-1.2095193185809545,-0.05171764101118288,0.2740331689918354,-1.0801115331610203,0.6740409606966254,0.30391271849044244,-1.6407229472237521,1.8553595875014146,0.7233575200056042,-0.21830046891232963,0.2713847614936582,0.05714240038391099,-2.218393954019681,-0.11588408442807162,-2.099189287858001,0.5273778773808214,-1.9657602243554986,-0.07733218228036028,0.06623291819728527,-0.13842048120382874,-0.18069891778492742,-1.336759508081439,0.24211469303609998,-0.6627557571796862,-0.78654722386582,0.5208738537708917,2.055385033999501,-0.5283268622170627,0.09770890706597933,-0.552659950228713,0.9617827554252385,0.9720092057495563,-1.0083308832974516,0.19165327798660367,1.0351325785789267,-1.276157746890794,0.4754994119892136,1.3654972392198914,-1.0914206688914334,-0.19262897604613127,-0.9217498769353774,1.2824326618787476,-0.040716470599525975,-0.8181425646472379,0.20552105608233326,0.8894172111797138,-0.17462608215262868,0.43740760040661913,0.26089291796401365,-0.4677353241006259,-1.1712665255305974,0.5016143755382022,-0.3561528969301462,-1.972815469639946,0.2018463602757399,-0.7769585098727104,-0.5477844603501127,-0.2895989050806885,-0.07034232583264978,-1.6530466491669276,1.0402361915481986,0.4012904144931362,-0.639740000012001,0.16520937338839703,-0.419376600838862,-0.763646475527071,-2.1119793088421415,0.3582095298740926,0.20568095273154408,1.1650111866521142,0.6059886052641746,-0.9948259415516564,0.3011934751963718,-0.9240958632590494,3.22028294646821,0.054046384963568485,0.009043023516811341,1.4276875026343243,2.8748038363522137,0.9538047429554625,-2.7044973246234325,0.710940018977113,-0.8847127636276526,0.4388912863371076,0.48790596420494203,-2.8181521166862424,0.8953358281861915,1.5667383909294221,-0.14842304957238997,0.43456997660706265,-2.924727138878861,0.8070085996611728,-1.3559845560787194,-1.1970134726009642,-1.62114438349423,0.6497116222513867,0.3320601724027633,0.33750132975090963,-0.7752941354715659,0.12056846032719738,0.09400288166970157,-0.07950220987782339,0.3129774143631427,0.3356345704219496,0.286687641896897,0.8624935327549172,0.9870941089289715,0.12836214621478176,-0.4843957276640371,-0.8664237812380534,-0.09465938835635497,-0.49954577863026006,-0.2920723951426901,0.2670739158973116,-0.3056710009888374,0.641314804176964,0.061361884700567984,-0.565610533693736,-0.0026389493424979742,-0.6053225176038286,-0.19202582949313682,-1.116370926425933,0.6293105630717545,1.518273847521802,1.8656958585339185,-0.9455963075446595,0.9124081754848761,-1.2107618453119025,0.3018596356240914,-1.1333387465464637,0.8073322083743392,0.9362670243441538,-2.3428134406066397,0.18896634999754913,0.6614593944555925,-0.5123230913529849,-0.8737249102422165,0.9405121551274539,0.37426581052544833,0.2738798258058873,1.0935033466646307,1.1187210861223729,-0.3989630075584113,-1.4608162964595666,-0.7167138781074763,0.40924363807239633,-0.10988253016182307,-0.18036364672995742,2.7393650561141496,-0.7839314073039105,-1.387168643832268,-1.6691653922383614,-0.32346667536780516,-0.20469879779636663,-2.5207942091241895,0.4707768924550002,-0.6618036627562669,2.6800713926196034,0.06545706052979039,-1.0655866608901077,1.6107470447235954,1.074415809542653,0.5826864724992582,-0.7638866610293747,0.14058885514536523,-0.588055947816804,-0.43298407651436477,-0.7904647662343581,0.40822593168713067,0.2909688826559362,-0.6885220948643971,-3.1317056702524173,-1.3349367599235509,-0.08858425141095672,0.2795831387875278,0.110936610963813,0.2725778631819584,-0.7949139000366223,-1.4395039768611102,1.0235898379208614,0.10273322531052256,-0.9472138944460312,1.0785734004208938,-0.2664075948062197,0.349529271536031,0.05737482639738968,0.8881307981300661,0.20529088484386437,0.008854616860406745,-0.12623429229521135,-1.8504061018219011,0.22188268444692874,0.31911409747198555,1.3445259993767358,-0.12899534084323572,-1.4621722274218207,-1.3530033836189816,-1.4460182960794845,0.9167874632751886,0.8135319998663647,1.3376577245881642,0.18275758007648576,0.2713757048021917,0.18579710059929772,0.02197532109348115,0.33449733548819205,0.7351695894088727,-1.0120901404771638,0.45024960464043173,-0.8469258121898262,-1.13630089463939,-0.4975026110807797,0.010095221821413576,1.188519558218623,1.052250025110225,0.31360161416395366,0.9268485731433679,0.1263746861291986,0.7416742559474475,-1.564911904126408,-0.2063136383269137,0.4668291302071657,-0.8753634407320852,-0.13930516909618393,1.1497441109986506,2.263787854822141,-1.9581744728245614,-0.03480389164585319,0.26379007543714955,0.3039638669819153,-1.6126059727942625,-0.6111501396978583,3.029325963104572,-2.652970642346044,0.12147423353719942,-0.6674406718773437,-1.0773546082020315,-1.2861603936473023,-1.090527734778301,-0.0680357576190784,-0.5812944153830939,0.1824928999418063,-0.16991332096926004,-0.018158674054699887,0.5604813542634655,-0.9768545137244483,0.5394507815924808,1.2706301586996283,0.8269223664566538,0.5282015608611821,1.6628357985158844,0.526714057604462,0.8464836116704252,1.0623685945406753,-0.4208773252510987,1.4896642443268489,-0.33587210551786983,0.5684713769054512,0.28552930442378843,1.4853312757266361,0.21651537216010688,-1.1418725147373836,-0.4134736760227122,-1.5281192411865767,-0.21813520730035452,-0.4229375315666818,-0.7949897151521458,0.5702899840719808,-0.7253733059617888,0.7844870491461372,0.6562534261836276,0.36996299034987123,0.8968125249967637,-0.48734138550792694,0.8713611633938608,0.5299576413520243,-1.252198320585922,1.1509648171418922,0.8166968258060407,-0.43668110856881304,1.1524625543023264,0.22274391330504406,0.9916478592994071,0.8330129014737351,-0.38538116134560274,0.5379356147728839,1.8208982349731726,0.8957904311966702,1.5466226289116576,-0.5319327287940515,0.9767192879261186,0.18532956998077868,0.2265435597175219,-0.16688671172803715,0.9817608375368017,-0.5514688679846358,0.002278218736320324,-0.8724826737327255,0.7749617724348767,-0.507429919990811,-1.0035782953560333,1.0419403585844076,0.5494556821775525,-1.0664023695192826,-0.8336186780681851,-1.5344930158488204,1.2145124908418607,-0.5449517701173378,0.44798781237291474,-0.08698224660451244,1.1172737746181285,1.2566450292942477,0.06482412885358235,-0.37191738320227347,-0.38009179104520086,1.0275432386907792,1.1252361262715824,-0.17621815574957125,-1.7507353670746264
-1.227991079961308,-0.0824909481827615,0.523823743071556,-3.4023141995381345,1.4102173444034918,-1.4401894650537157,0.1505040355386187,0.0453400251717261,0.022423685567204348,0.5453320861955874,-0.5224635795800957,-0.47850613889611326,-0.3693008315066541,1.049243949182416,0.5942941773083776,0.774500723502119,0.6769260735736017,1.6029659833596048,0.10093357140190258,0.5116803373596805,-0.7521457452855795,0.41330189047166216,-0.25276166166596087,-0.05398431272025143,-0.3888257130424771,-0.6396503206901027,0.18865331193074883,-0.4622385083053393,1.8981849652895706,-0.5068903512332923,0.1559204892752269,-0.11013421570067068,0.1395991717884836,1.1380842640975362,-0.8703324091935489,1.1618968376977825,0.6745817404470992,0.0497932651959097,0.09967079900998298,-0.42418467423874623,-1.1337103361840581,-0.6368393613043676,0.3903871877595246,0.12028759090088197,-0.6070548712120989,-0.1083777476272219,-1.4277151508552064,-0.43228048437396976,-0.7847943858650342,-0.0947334113853306,1.0983485733942635,-0.7316863340338309,0.26010258556561444,2.264061836052543,-0.16362724165537296,0.2548549910105512,0.5054983202278153,-0.5865550691733744,0.7601286143615817,-0.06611302550733131,-0.4782722338315292,1.0519293471869653,-1.1530613618012908,0.3291667388741118,-2.0742717325376248,0.15516782387236144,-0.7209549917739441,0.3315106346321836,0.8334688928956429,0.2899520069561514,0.7867878719262138,-0.44774936846769925,-1.2284564660468051,-0.46706475772947875,0.4216307851777935,-0.04089765230729793,-0.3774738441730483,-0.35935120306832513,0.018999077143604225,0.7731655708462465,-1.3490204749534913,-0.8995605387706904,0.35860311775341835,0.8415268200332793,0.4249549734106478,0.08640526981110924,-0.9304185235769877,-1.6944141105495123,1.843134804193947,0.8149839209110723,-0.1755977727725206,1.8501234726740219,-0.2956167907570924,0.2737403152166599,0.1648498629945775,-0.4512281492072608,0.6280972257119516,-0.07946667598653098,-0.19304872069262125,0.0031312949720911252,-0.2754270369073325,-0.20697569352961287,0.7548129482022956,2.8781998598429803,0.028621359931214837,0.3167284722690006,1.4704342076364851,0.2786550236045251,-1.6142643480802352,0.6467673120228947,-0.5227568149071727,-2.310312874789169,0.361743432116545,0.2871409867810505,0.7758903724514735,-1.6799535767470575,0.012060873889685804,1.5911545620774943,1.3095038824873206,0.6765013602900127,0.538340755601075,0.9439909119305661,0.21478067645158666,-1.0080164956836304,-1.6843395482552972,0.9150109153193967,-0.43193929844360446,-0.6083712642435588,0.22755751055245732,0.17720942745614046,-0.2348286593771839,1.0305034358810463,-1.9850178817894306,-0.17776085945881562,-0.49577734133741425,2.1268613976765898,0.16511933356185188,-0.5719179579141974,-1.0650069943254596,0.48607599720124867,1.128927903143252,1.2334402526309403,0.5316999211413284,-0.32272602327139516,-0.31717470616846494,-0.7245596399317578,-1.0707947959517299,0.3177351440102935,-0.544176709464266,-0.010097311683803272,-1.6371252215503393,0.37233523950809305,-1.207079985352203,-0.738959225687681,0.7674594601955267,2.0356813983978785,-0.49845520609231825,-0.46789233785155787,0.804814903237266,-0.14948830074238587,0.019778652463305648,-1.0168475866533657,1.487573530189884,-0.41845577640107046,-0.6711815406793632,0.7178072098538647,0.6661497480911911,0.4923966933932289,0.9917274217565523,0.3197298543017832,-0.0648771720538336,1.5764670681003463,0.20259543465935548,0.01243421612574785,-1.0062815505316836,-1.4083481347086206,1.1004102879724886,-0.697700770154186,-1.333964825590167,-0.45080816702532234,1.8910754326968389,-0.24504346984156966,-0.11221718521843076,-0.683231148403664,-0.9356683220119122,-0.6412184184709373,-0.9648954107291247,0.7376224796103569,-0.993425792770581,-2.1735123983573152,-0.8906392803572099,-0.13402734041884073,0.4431216540328479,0.14674455890559612,-0.5124983815450255,-0.5489714235675475,-1.1794584724405281,0.07818581003348309,-0.32357112159486867,0.07905574970332353,1.6095761437579281,-1.1975418751218911,1.1648345575182726,0.7552075121119523,1.3323540261248894,-0.5070044946896809,0.34346461087976116,-0.4937249816052677,-1.876178847338099,-0.010748073014829928,0.9727544852844296,3.6758453179901225,-0.5257354810402747,0.5360463052840051,0.7594169713534188,-1.2812657947280865,-0.1860695901990237,2.4649780230315996,1.16379734731092,-0.23354877360546158,-0.2976227764022584,0.3020922198806918,-1.3801563250381488,-1.2388128022470895,-0.5250707867240046,1.2349999528502744,-0.28989231921807085,-1.3803660314415822,3.1159968973130474,0.5275319499506245,-0.47002835580242164,1.7058955316594973,0.2746925331773042,0.849768413681023,0.32009843506329927,2.146995277335806,-0.4333297371903111,-0.014925985265027865,1.8332856796398718,0.4051417681005749,-0.43435908042086524,-0.719565397338472,0.703223204549843,-2.0980566580159357,0.33451452599832965,-1.8354175397475592,0.338480064955041,0.10176908106571883,-1.56588220654711,-0.2385505796053584,0.9450226490155724,-0.8612849970918504,-0.3220648250024241,-0.5639186247857507,-0.18186982911616864,-0.09916026419689555,0.6106804168138505,-0.6557584702221845,-0.012202537949536824,-1.0393516108717649,1.9076211501804528,0.25103714060319055,0.06748585578683003,-1.026562710717087,-0.44469263898788597,-1.173588574095933,-0.7305436973593109,-0.17781440124334363,-2.5290793456137117,0.6930641360138473,-1.4279039208036093,1.23836404505841,-0.18065606572440263,0.2185313265076164,-0.46123065082982984,-0.449975477904748,-0.2930932064043541,-1.8317635284890117,0.5050433867531741,0.42284057540652265,-0.9938462143093246,-1.916448379781226,-1.4401887508480633,-0.544659301842666,-0.6600504161139501,-0.12781042046848715,1.2703351362263862,0.3896885197554074,-0.15402000004622324,-0.5653937827942614,-0.639588010541108,2.7475741867984462,1.1324261643651483,0.8174575708092191,-1.2229884910022746,-0.5880636766767179,0.4536283790210236,1.0781541113937438,-0.25213149471650836,-0.5619691782084935,-1.3518986934725348,-2.571430553332146,-0.4912990754418467,-1.0763992178659536,-0.6855167133965558,-0.6192398033265528,-0.944423579914606,-1.1350609420693334,-0.8083918428156,0.7499165619875567,-0.0804374671191161,1.4549876204766652,-1.2201817788402327,1.233478985122457,2.0698895515399416,-0.8826109693009717,-1.1983921103392616,-0.2582332227556547,1.0901933235959662,-0.6778393274389225,0.8351895393171971,-0.5460483098125245,0.4498471565510711,-1.7882025163835324,0.11779279854406566,-1.1077048313858473,-0.5986203843386889,0.0546879252691878,-1.0635940302588338,0.16001179252103268,-0.31819916322554403,-1.162974284638646,0.19479630093425648,0.8324947771338825,-2.010467432568838,0.7463034705604268,1.900190565153986,-0.004753112941429168,0.82582730434465,2.0365158164741737,-0.0776899184515973,0.38686899201172253,-1.6023421441262753,0.22663444425900395,0.6988640956586505,0.797564387333949,-1.0590697816822616,-1.0397142837727316,-0.7446729116420691,-2.030492104916176,0.8150281976843619,1.6236773496557888,-0.8210152737453286,-0.189251647436852,0.09203193425855213,0.49120946581914654,-0.19663319521421588,0.8335745669292481,-2.340992670445736,-0.3033310040787202,0.8097855199289224,1.3805912651800638,0.39247793283898014,-0.5043572093625115,-0.6700131616388694,0.9168089212007153,-0.7100758787126967,0.2169012695974781,0.6083272172284825,0.31055689722897206,-0.412126169825384,-2.235634154810618,-0.993628961370309,0.10488402919100497,-1.2921242263307622,-1.9771166716670003,-0.4572398755141753,-1.494384734768879,-0.015611651010013078,-0.7408232175547549,0.014921843302167073,-0.9815136198448253,-0.03226611678367386,0.42187445472591667,1.2500882195877883,0.11408515108119446,0.43933597999442037,-0.22132129295441424,0.3396593159836625,-0.36126443788607276,-1.5913326335143356,-0.9108004279893194,-0.5649910557298307,-1.3986354415065747,-0.7028998833883324,0.9754404954690442,-0.7297290676402373,0.17123743066350602,-1.1409533337559756,0.9016703065719193,-0.5574473651426485,1.48082113880319,1.4025922439452658,1.3293847902476454,0.39787928787141486,-0.4862952344495136,-0.6939761999653817,-1.8484556571303297,1.5934190809891446,1.3754204122716474,1.0232769842753446,-1.3599002260236535,-0.43785931363845976,0.8185269169442462,-1.489835632702916,1.4096031709674457,-0.4690581034920425,0.8148846204652473,0.11234084830501358,1.3150057954543393,0.3192832438484828,0.8882251569667593,-1.0014742803737113,0.4712358151459287,-0.4110959883672101,-2.9808192002191682,-0.3978856397903929,-1.6454890536047997,-0.7289586675170283,-0.7336386573136766,0.058028466707734795,-1.034975864842627,-1.9768105439749561,0.7064118322352073,0.33873517905020434,0.2757573038397169,1.347707978514406,-2.3951812437219857,-0.545460379299689,-0.3544356803169192,0.3112522032380094,-0.5868437493359899,-0.6256509901471985,-0.4532427670238923,-0.9704830434347647,-0.08336929363285316,1.6241120337254369,1.1332164662857234,-0.6766919363312458,-1.049438003055717,0.4161985255515732,-2.3319855634241144,0.3952904607873817,1.2250112181593884,-1.1851258912184648,-0.7504493869899113,0.6962085245512482,-0.27583554531813276,-0.013442682690737364,-0.6335468537634781,1.345167409021786,2.5693137511616744,0.3633602007239878,-1.9959027003348615,0.06503099576800654,0.9787341012443695,-0.9814158161764795,-0.8975026618612106,1.1178482670959464,-1.0686751144876703,1.150357261430621,0.41115645245268534,-0.06300218069692513,-0.10098623385852724,0.6148998001487829,-0.5361279809752197,0.06895569500630926,1.2604530418266116,2.5335232479312593,-0.003969865381823238,0.3771445908631821,0.746693046812038,1.9193709945437347,0.5364160175970669,1.0187231379768305,-0.7557595680864014,-0.44843798115851286,1.9858391607159225,0.4707331230891799,-0.7289724438126812,-0.07619033300391558,1.8390019863464884,-1.0837178232531177,-1.5549528604032747,1.110402125139088,0.19126108388705854,0.28808164119192875,-0.6505300643177149,1.369942730666572,-0.757817614417705,-0.9815732525768175,-0.01766564190612657,-0.5489502411769104,1.0721821939940912,0.5968971346955576,1.3145993501298316,1.2965036076867824,-0.00893128765640543,0.32752927343840477,-1.0576468353909259,0.4414144628935405,-0.9207647952070638,0.991211584239865,-1.1668605111874233,0.949604296862207,-1.1483512088370853,-1.133163177496361,1.7540712311119195,0.9487504701486265,0.7062552919071634,-0.15585858932288688,0.20853452433850406,1.6265264170257603,0.5115572969278395,0.2228735631347471,0.30871250687572693,0.45192573852620394,-0.47357148389393183,0.15083525634225928,-0.5508650313900645,-1.2951734355108429,0.29699578901280455,-0.3199833365147976,0.09085280487067071,0.32120370550495486,-0.08661319647640642,1.2111037254637431,-0.11732069001301153,2.460360543690773,-0.5943875032170268,-1.354778842078436,-0.3788719732551717,-1.267574456989106,-0.5266562474748914,0.2660721059155183,-1.2933953330262538,-0.7041676717896769,-1.345186402795253,0.023625981515699137,-0.8206346812987385,0.777617028978988,-0.3181785134117343,-1.4457114626271341,0.13957696777808484,1.1532753078682059,2.6211618862013673,1.2901019524902235,0.7344275582125808,-1.2147758554101429,1.1096248988309583,0.1001420757212077,1.1241541189521527,0.7836062194195357,-0.23734897410085573,-1.751904263542124,-0.31096961543632473,-1.0755930660021398,1.2529965163418064,0.5486080412216795,-1.2072212552440247,0.44481534138378587,1.2396390492059104,0.5353485750930487,-0.05388490224964807,-1.1677408411951449,-0.31698764039158006,-1.1358426930052739,-0.3337252505409965,-0.3239481289639232,-1.0346230043796965,-0.5029275552667635,0.3245032603098607,0.7022530155186342,0.07610249709535598,-0.6841998562549803,0.7898151394499057,-0.5236138261443396,0.10697155511971972,-1.3403071269956586,0.45576628464682967,-0.8129187216780897,0.32119528556305954,0.9857290834710499,-0.7934524622749598,1.689954742975195,-2.3594263904915787,2.052774459894217,1.2196636504220846,-0.7993781727593405,0.17986876932311388,-0.5227343395101194,0.2906345180837589,-0.1023516917751013,-0.6320694795257397,1.5767156659695696,-1.5113990436389237,0.5213604679069704,-0.28548087996771115,0.633035736611643,0.6860184852445801,0.7442459097580705,-0.2858628182336673,-0.29614775523921893,-0.5811457313272123,0.8582306668587776,-0.17768334204136008,-0.2697871426274491,0.20995984147326874,-0.1397897485399809,0.47802333310038325,-0.08918633690970529,1.2612962571638051,-1.2052423672301775,0.6375976668249496,-0.3333841449954122,-0.32574506416065385,-2.048420145194377,1.0944995390769923,0.2569271143349319,-1.0092966712540723,0.8821985424659329,-1.3285921263421108,-0.8031447406837935,-1.4547121437575676,0.054388294718156927,-1.3430460672356075,0.22080023765857218,-0.8512252439018068,-0.8876716646179817,1.0078036550632634,0.1905916776667099,0.36451867966454155,0.20057331907172402,-1.2400947012793768,1.1499590460927143,-0.005032852496662131,-1.2993922864623662,0.9730991872874515,0.06900890040456323,-0.40607675411961075,-0.8392368933684095,-0.22941386026996227,1.9129476496165745,-0.6742269310436398,-0.508772479426896,0.12644148833757443,-1.0121629788493642,1.1154533453457254,-0.4188243572156732,0.9880213160597893,-1.1451478816375318,-0.7697337598184447,-1.1946888016209205,0.5186829733323348,1.0617346726463626,0.29482625035903376,0.8785521687153289,-1.071274053627978,0.5110791463233666,-0.7089487847367474,-1.3727508069914183,-0.32027508225580537,-1.641186195843871,-1.8042340700305648,-0.914079427549848,0.49807733487593575,0.8561784670765086,1.7591220132282526,0.016513191769186825,0.41670376548812477,-0.19174662795462608,-1.3277877663517148,-0.6081605077191172,-0.5914206918073097,1.096631276213036,0.46399559295368,0.7735206808534829,-1.311837024317613,-0.8750534024677161,1.2841634747152044,0.2868257192838359,1.2483988106651542,-0.11658709742746355,-0.2298704740179343,-1.1027871272145042,-1.3576617353157212,-0.12079042760730177,-0.8551374335370084,-0.15856726954362618,1.165089099136208,-0.7387532947665634,-0.2187304176784288,0.6556879038011597,0.3691332337339374,1.4653815121445042,-0.23605835686035126,-0.13078846276848682,0.8005364401395724,-1.4984082940465862,1.086746219334128,1.1270377035537416,1.71842938629061,0.8799774881213596,-0.4112428328333968,0.17072000504136392,-0.5016779580263894,-0.320696737475952,-0.19220392551059504,0.41150651481054046,-1.264739551440526,1.0968153682202622,1.0191815758921206,1.2056452268082345,0.979797911304678,-0.47811640111563386,-0.2677527038790085,0.3107854830712078,1.0395338001702554,0.18678277927934384,-0.026049062197402363,0.7811272067043147,0.5647695733817901,-1.4928675883287774,-0.651805723218814,-2.316987421558295,-0.6642087681360244,-2.1296566550699665,0.9527224752274943,-0.18341060797129513,-0.49639357604435047,-0.6749626649530129,-0.38854855326128035,-0.6801865067478954,0.4565794565689157,0.12931956852451595,-0.7260049468682515,-1.3219015496859423,-0.23463493610355593,2.449951470587709,-0.30859660861968374,1.041003814873338,-0.39079801961175953,-1.362874734787654,-1.7460813124883197,0.547744747999819,2.461436468050836,-0.0617928963312227,-0.3157055543301474,1.7970477654283314,1.006457151141965,1.0328496835827028,-0.74786523548612,0.307333208942289,0.2949800775161734,-0.7778228916365738,-0.5024954731419904,-1.3467439317525407,-0.23328587694684721,-0.21830991916878947,-0.07736010447524429,-0.2818999359027856,0.7974303211869905,0.7940300292087161,-0.3668764843511926,1.4257548445815678,-2.2241361404806588,2.2667991267809504,0.19613734847972691,0.6526998696187518,-0.40069238353988884,0.5423298549651268,0.6381288515029806,0.8067250767373744,-1.8013410233140927,0.9501731846561834,-0.21202369756779385,1.1696121232619106,0.5132392458797531,1.8277573022743583,1.6721059239880374,0.9033826672613463,1.455769391741267,-0.6941733454585787,-1.100228289611694,-0.8521330479481386,0.442553634534724,0.3882771220243857,-0.5326253075736859,-1.4343546798022704,-0.548576260997454,0.6902111690225439,1.4673687739132266,-0.16196324669063772,-0.6061658825399457,0.9236179859682653,1.13964234043702,2.184207196186445,0.586908402521803,-2.0840509739377353,-1.9396961684304126,-2.7951901638861147,0.6713287379975162,-1.3479286806352477,1.0733294560526767,-1.702350518950366,1.054326797179713,0.7887831218916216,-0.6797570026903847,0.7135690118812457,0.22223870584882127,2.1178167950963283,0.43881712408141055,0.6514681650510203,-2.128407671423196,-2.034749678303372,-0.9757473573682025,0.9013781526397651,0.7674994847988468,0.3997501427180596,1.696884914430466,0.8276805908966254,-0.028636278318431973,-1.1964723221747857,0.21266247426364407,-1.488025233267517,-2.470162877834265,-0.7601112533218747,0.14403271506514112,1.0989933706734172,0.3146003389972911,1.8996046324984495,1.3711836625638691,-0.16345851846022819,1.0231230260524382,-2.396581583125799,-0.08300296041705281,-0.41597686870336353,-0.1307050088021414,-1.5592987756340542,0.06881822615040831,-2.407717388010352,-0.26224299899824455,-1.9351815352327693,-1.3731739198022272,1.0331054125831407,0.8631848660480071,1.2051005794899714,-1.0590912000322978,0.33545265051028866,0.15096468212338698,0.05712833218032016,-0.598949589247111,0.3669767295583406,-1.59984056937415,0.1844601279739919,0.2055570849004247,1.3665339533681533,0.16555670861389413,0.9471606407311917,1.2896241902723378,-0.7900772080168578,-2.202528967887573,0.28036112714502653,-0.16127727642505887,1.3502113567676302,-0.1694395347793122,-1.0093066022151267,-1.5997806107266312,0.4105533132589691,-1.178272566069517,1.4325015021640795,1.4884537857996343,0.07066758327914556,-0.912039287263684,-0.3877450593955397,1.2538860861970496,0.03242865040569963,-0.417061065427077,0.5711876739184895,1.4367312284682774,-0.40768178609607403,-0.7350459268979286,0.9593886840026827,-0.511384684460169,-0.03850677296797643,-1.235735210757569,0.8137057747938462,1.339567492252007,1.584549483338774,-1.4044531690973256,-0.8173468354098076,0.6931321936454413,0.8764928984572161,-0.8983813922943028,-1.41585875096664,0.0824670201075633,2.784095698512661,-1.8324199401942107,1.6726041669491853,-0.8218270562150028,-0.33158699126456737,-0.05180317046143719,-0.8924024251768241,1.7337600973568552,-1.0922583812371298,0.6112879186787886,1.112671650139707,-1.843039716210185,-1.6208158511714479,0.09846980166448982,-0.6703067370882088,-0.655095818222878,-1.3378917390671135,0.10571726521282761,0.14326002175098132,-0.7159596106384789,-1.5106624912581912,1.997688848253189,-0.04755864019383109,0.3843220772108868,-0.4959573924714936,-1.0438619241567682,0.428964719097946,-0.004014042530486197,-0.45624948120713754,0.5952931462935224,0.2889023069483511,0.5335409443442267,1.0116224933658169,-0.23926981712427317,0.1277256930354381,0.47102696830348884,1.163412053793941,-0.8414918769542635,0.5435305666958652,-0.5522347895859073,0.5222389499163036,-0.6457132252266928,-0.9724730582818615,1.2034402749908908,-0.511956602314192,0.6193563948049579,0.21377735268595965,0.2455777524598872,-0.7340418944152765,-0.2546108617859479,1.1052676820283052,-0.20638647555291253,1.4173317925710465,1.3823711459952823,-1.754382650843989,1.2903723408875785,0.49070286097491184,-0.5067262892022432,1.1857477890016108,-1.3078526418067855,-0.4065904804559259,1.0889278015239376,0.5438863236195428,-1.1445974101384924,0.023797311334863788,0.8787592558121992,0.13013757726604416,-0.49083123640719073,1.3517476739011092,-0.4692542905670736,-0.4020611479904679,-0.7576843835174045,-1.337422534187233,-0.814968654923553,-0.27832310933919974,-1.5838773257938357,-0.2948023645180332,1.7270419911045007,0.3416082333018064,-0.5804959622193505,0.6412145780592756,-0.5261769500348962,-0.044793653635379446,-0.21024043671460838,-0.9682250218994731,1.1235326310789353,0.4236947114265658,-0.9468724909584341,-0.4514203218590128,-1.2939031180321208,1.7609497088998742,0.14210588254877254,-1.2307628323273985,-0.09170304257364736
1.0868058889912684,0.9923507216530771,0.4329188730404381,0.15718989516343002,-0.42936688219425423,-0.24679211465656647,0.9824252102004944,0.11702304392806162,0.6668590522263158,1.536668627987726,0.3364057095875135,0.023838938997708666,-0.34659827482732297,0.18108259798247925,1.6470461474310771,0.30287068895503966,0.8154985219429333,-1.3666494509612481,-0.8735633884603615,0.4696960501910581,0.6579174025441019,0.17367595471578973,-0.7888658947127317,-1.83885416924088,-0.2956667011982767,-0.7931872994571271,-0.9880174093379793,-1.3558970299012578,0.25233585214002174,0.17987321837567602,1.5412606603884165,0.9997862498477285,-0.050294636544729064,0.6889680322743903,-0.2125487328315799,1.2046155541098458,0.8947885070153535,0.08019952059103627,0.5780891080442445,-0.4206791654035886,-1.3360673998587862,0.13506115316378797,0.3655890155046369,-1.1093356801368774,0.7335786984936373,-0.8711895776902693,-0.5088592884880984,-0.35922332846820154,-1.3255817301586255,0.5767390288299279,1.269167829246975,-1.994379426354786,-0.1845374321276097,0.8007032273280332,-0.5824786566128509,-1.6419409460725853,1.391748599241174,-0.3810166992200653,-1.0389973774465175,-0.27187657489549494,1.2784062166406647,0.6314239665570406,0.4902333295983196,-1.986946534325179,1.1581813609175884,0.985632172120396,-0.2268859665174103,-0.5070455807763431,-2.3868149115610273,-0.09689818620321089,-0.003538029295604876,1.0347518859188762,0.018964130046404883,-0.18086388465813535,0.7857155574196859,2.7997536776908536,1.0140841079770369,-1.7767883754872744,0.17972841315792198,-0.6443146670915734,-0.10329242831617687,2.5314687427753264,-0.2255348215335954,0.8726621661455708,-0.7998119035859168,-0.6510331090338601,-0.867506058303979,-1.895352741113262,1.0976853160564828,1.3482748294711722,2.2046316030071877,-0.15414515367225137,-0.5007180582763159,0.40114764616061077,0.13314659969195286,-0.17645248802653682,-1.289449320179252,-0.04614277464375794,2.6627915525011048,0.13888892605071382,-0.14334574215384044,-1.9039988248286193,-0.20645211602069333,0.754999063235727,0.05744934348610599,-1.2236619246519038,-0.033711628738455006,0.9813456969197873,-1.9537165659706603,-0.5850139216361528,-2.625522173731703,0.5805232346091167,1.925357872667006,0.641153706451762,0.24303436800539424,-1.119686858415636,-1.0542551608489785,0.6710785384564959,1.2028629819935652,-0.3170954326811884,-0.2486717070622684,-0.10899302912666262,-0.44252911983157145,0.9425978765395397,0.9478331035773373,-0.946792401885179,-0.3923914709146807,-1.5762005068940672,-2.599871528552119,0.1537165877389961,0.2496685048805779,0.4709453137368307,0.5759514601478306,-0.459159052081538,-0.17821371556901178,1.9662204435552155,-0.011063075372090267,-3.028170303046915,-2.0455534814432315,-1.584116272986005,1.4041927133900383,0.14450998056324793,-2.227351466211473,-0.2978418156301101,-0.4059612740422687,0.2777217347849461,0.31436403180072525,1.4554652140938655,-1.1352169958588734,-0.4552819079827064,1.5902126082875696,0.7992974609419643,-0.29605169389681546,1.569830733183943,-1.9829802772948184,-1.911944858103853,-1.7034880109791135,-0.46673024259098017,0.8510661339099547,0.2669802271823784,0.668239308581692,-0.19511621770055512,0.44301865157938114,0.6038447626834221,0.1604093279542785,0.7177813926703904,1.2778279521917284,-0.5177452574645806,-0.17478997537902768,-1.5216115377682882,-0.3427329335219855,0.30035026631591716,-0.15116288533973915,-0.9143546699195605,-1.2445710031178967,-0.588239441744878,-1.3547542513901119,-0.3837460521167519,-1.878435350508361,0.6587924493934287,0.1719780398516084,-0.9824255090214596,0.4274647492472148,2.7269632585577703,-1.5258389808829376,0.09299840883913651,-1.4037284634550806,-0.0012567474573798238,-0.17793773034746893,-0.5498499539700195,1.5175054815971873,1.7995914044807018,-0.6353160070603019,1.8402191637024696,0.2965245864572093,-0.4131652262200287,-0.1739343011347353,-0.5426162184975273,0.4618020119731732,0.3313191745628439,-0.20751852176009425,0.4662748602649351,0.7220113366840725,1.5356070986784127,-0.40727528846281874,0.2891882852997723,0.2687867642311833,-0.9214228683308732,-1.2989967987404736,0.14327484565132279,-0.3414820189090884,0.6280191676171318,-0.6000116568986679,1.9915489892868508,-0.04478073676823546,-1.1967732326510139,0.11160095143557487,-0.28984680782467165,-0.5931938661730869,-0.31219990301497874,1.8428217572241836,0.09001995208502547,-0.17430311587539415,0.7799113832279364,-0.06622601523641915,0.7174039836511811,0.9847767255167319,0.6203376367121576,-0.5990580174978823,0.5961260664719844,0.1332847735636969,-0.797358970465384,-0.393032886101993,-1.1439032445451554,1.641326221782096,2.2448457388204615,0.845634578624159,-1.7686616185251312,0.7008387547125614,-0.0469868280099621,-0.2647234153377211,-2.315721109995732,-0.02097939339405969,0.4797764533421454,-0.6315037630050176,-1.3834479318924333,0.33729220685949457,0.028597425068698466,-0.5212840019638444,-0.4875317489856632,1.1405239463472183,0.6725063528315322,-0.6618473656876003,-0.44271177526777106,-0.8102694825376827,0.09704021495751423,0.9913753093692548,0.4481225742277569,-0.794464963701206,-0.6723496257717703,0.39601622229920247,-0.8140829569633321,-1.238098264186923,-0.591820252790812,1.2542043995429335,-0.2824961423908836,-0.4329579369772167,-0.04822542444118988,0.153666036760541,-0.27892934103354555,-0.37895031464732204,0.5957152713438261,-2.230975151000235,-0.4179515152853766,0.2932575155491725,0.3968860669385268,0.9897244334452775,-0.7930756013983989,-2.090857317849494,0.524066674886521,-1.8029001718960063,1.1124332828949322,-0.4300101851882059,0.8993950431896489,0.29421350170514415,-1.8835425501612089,-0.19973715319307878,1.045551305443221,-0.11980854273609108,-0.4889340658475672,0.10535117681763081,-0.16837305545189493,0.5950924257991003,0.641149180308027,0.3900357908503044,1.156048247991036,-0.7409862022836965,-0.8293433252202874,0.43571570768435475,0.3137665968808258,0.1828159357802258,0.6523828940444333,0.5837483858925986,0.4923710132150617,0.9800344220641292,0.6254603922228834,1.9444587298881981,1.0825719533894937,-1.346702074952914,1.0355380767810465,0.6353013966005528,-0.8877230696273748,2.493500811302231,1.2880194391271336,-0.9870615941394354,0.1521667162645381,-0.3170581912998192,0.7335681615366464,-1.6393832145642708,0.22785674864233596,-0.0022056715665706187,0.6307224642727518,0.572417985975883,-2.82499738664879,-0.5191996631840932,-0.3826216423993287,-0.6687397174170746,0.3937698654493823,0.7801518761806681,0.7879145453166498,-2.3128435612327234,0.7864951467771344,1.160479425811655,0.28784848429676935,-0.21433365378541142,-1.8162748700587656,-0.5517719988534319,-0.726556490224489,0.8824425853958848,2.1008595790537687,-0.7872510198208879,0.6580425802297728,1.7006867583762222,-1.379558136468471,2.9338082885824948,-0.49657549971116555,0.04938397586079676,0.35683764334758605,-0.6123232902292702,-0.00509536621329801,0.019727325809129684,-0.5684107071265089,-0.8414306213213185,-1.3813184580244975,-1.4168779741136701,0.5400997011066073,-0.38158121479640683,0.9314104315813614,-0.36131137655725276,0.5338232462734073,-0.6300301075404987,-0.38710741813565025,-1.439867989320212,-0.13264658037142146,0.7733565252542685,-0.7728173850428461,0.8314206599703241,0.5333847010970226,-0.002397484146834685,1.0068329305473886,0.6535589587711167,0.0390098232493584,-1.2921256014142228,-1.1262707736206687,-0.5982754974268376,-0.36726678795709045,0.19325189207037202,0.3669304862193259,-0.2601541291470087,0.4626712416163817,0.41338348891284865,-1.575182565722707,0.5422188365944123,-0.14505721324712406,0.6251718167090567,1.587965926844242,0.34705906035505996,-1.0367961286290253,-1.966952158528481,-0.19001483440069755,-0.8999343403560708,0.8227525076608064,0.18650160457094891,-0.1066886697851377,0.8931798635970939,0.11678674995139728,0.36375065131954554,1.3196194011022186,-1.5699784221787139,0.17020299436448147,0.237801545694624,-0.05973995233795853,0.179149018809197,0.7795469622673998,0.7564609108949409,1.254038768117488,0.016649199585214824,0.5646337239325055,0.676247807621988,0.5251051480903138,1.1771146022389558,-1.2774263413601379,-2.3169113895246345,0.38868080419685097,-0.26058468897070375,0.4349519399921426,-0.5472157888573427,1.4923667294447536,0.9485641901663492,-0.03547489636953146,-0.09765600480211424,-0.4691174066715016,0.46810141924166926,0.6971407903086966,0.1867928809525082,-1.0602486341757058,-2.3458124963392306,-0.18158548190014662,0.11007459280961805,-2.0107327618924598,0.08774354329237843,-0.13243757894926803,-1.7080444310085385,1.5852732259037325,-1.1139613114807623,-2.485855213375174,-0.7016003315274547,0.13871087989752826,0.8500047631474108,-0.510512767824887,-1.0745739648818171,0.24714768236811815,-0.17527619188242097,0.5938585067684341,-0.20475015298388022,-0.4383195568260942,0.2435663013312643,1.271426016131884,1.0714384524615876,-1.6990776619323285,0.7921442469456856,-0.23871855367547287,-0.36701254297160346,2.4250720839028395,0.4932317695207512,-0.1347652276872258,-1.7938144958963493,-1.3316434606664218,-0.9542267830867054,0.21011556525137007,0.6615775802758955,0.5521661188211096,-0.2980493663108792,-1.2820953342870267,0.5257934093374845,1.6349299524344645,-0.22392617117631008,1.0861492187959714,-0.9929319565922659,1.608755525508321,1.1074886079572024,1.0834895990614426,0.7450551340711999,-0.15355950166088955,-0.6218560453724988,0.5338513618814759,-0.39016611992674205,0.12269051925308659,1.5881407504466256,-1.6928933390763776,0.9457666623940169,-0.42915591173459533,0.6440137924250504,0.3956923017834715,1.2447282701215376,-2.060470470040278,0.7355240816850006,0.5012427382311105,0.6137420347715618,1.0846152162946907,-0.20592374583188888,-0.46842260415772596,0.9940437151231363,-1.0235656155842467,0.2573763911598682,-1.3653640987861984,-0.19912459119185863,0.437367157190222,0.6585554496711598,-0.007538011795193826,0.39137877554149836,-0.15818442802330981,-1.291285465659425,1.6078843571687766,1.5082680680407163,0.8848062523346542,-1.8877520003468995,0.09717052488415054,0.8689557237677943,0.5308582344237414,-1.213186212396148,-0.5125754621789863,0.6422161427615397,-0.48339473911825626,1.5495357215665153,-0.5794061484125901,-0.9941163682043141,0.8933504028254076,0.8822042905139151,-1.5172078721379174,-0.9321144306491577,0.5833437026401285,1.9402783870632347,-1.1027190542511434,0.5705774206098732,2.323543331440851,1.770326566404611,-1.2333149795044998,-0.003644833643711131,0.16358115308890708,1.5419655292394725,0.18464396892535,-0.4447466910683587,-1.588622102915864,1.0780179515376502,1.0530657119416504,0.1692726283894697,1.1159854377176688,1.0497335498793463,-0.1648604202473258,0.38953041042958925,0.8540743732054747,-1.2238887897241817,-0.39222106276054725,1.6893184167425297,-1.5343409128663266,0.7288719779861466,-0.25520865700996437,-0.7066135402398855,-1.5841849854817434,-0.6702107327697253,-1.096939501664646,-2.113569839153193,-0.34163713085921615,0.9435483067529201,-0.19300718557315732,-0.4516237425077471,0.28619617989766905,-1.0310665473244476,1.5896653635019482,0.6085592867892506,-1.3348527311471479,0.6661924286190208,0.26100326692733067,-0.47084761212088,-0.13835941280158287,0.23461196406211643,0.26959248982782874,-1.2631293219135835,-0.26838450556400684,0.6820533167715086,0.5069260097464074,-0.3322915620033676,-0.9187384007481832,-0.6787939157011113,0.1253455774951141,0.5019074396568424,-1.2696796687270884,0.1752166697198861,0.6730755343718743,1.0604454243815091,-1.4306595812575575,-0.8183179884486576,0.5948121801144064,0.2541308717004424,0.07940896677516894,-1.2045297944022468,-0.06986028382546075,-1.1976970433058445,0.6704344855769471,1.0947221757698007,0.05112075385793823,1.4555620084384158,0.3706728080236547,1.2914069709835165,-1.6206588442067884,0.931710681396004,2.1310651922367523,0.8868749963104718,0.6000675354459375,-2.4337117122104086,-2.8776393199865717,-1.1028608832111526,1.2570746237179207,0.3104807761169583,0.7808748598697496,1.299556637836453,1.121751051365912,0.9306460815164745,-1.03723500884444,-0.8438933979166937,-0.3472011369797057,-1.4406112570285692,0.8925693539738737,-1.7001547470012124,-0.8916470790795711,0.358299989774581,-1.3942222899416556,-0.7456732761149615,1.257488484988125,0.8008640816275745,0.8722178496458453,-0.4811335894874175,0.7043429729301186,-0.03442091557484308,-1.2979995087075655,-0.24417955028431632,-2.0590554395441867,1.3308538718312228,-1.4185572194072833,0.21109861490505571,-0.1651458402440944,-1.2200982176322392,0.7168081628597763,0.19881216131526233,0.3009262045233211,0.06790322014705835,-0.2058096618501821,0.34233988532760273,1.0993700516042777,-0.2896639755264193,1.3777690822756028,1.4432914599388837,-0.5673630842139934,2.3087961532786316,-0.31117401058215427,-0.26297449872451245,1.6778186181358206,-1.1730418787022165,-0.6522581568768767,-0.024811975631889666,-0.3891080676817851,-0.2933703878062349,2.1790975755344295,-0.28961545841365505,0.7044753760210065,-0.737856891982096,-1.0363045785871554,1.487957579002774,-0.056104481075860184,0.629961393393773,-1.037026246951588,0.3002915347075906,0.5478427910794187,-0.4529063150106968,-0.2067474205071122,-0.1477586847335096,-0.02678283616919579,0.8565080225743134,0.6335799589398996,-0.6696242638977327,0.3701015888175231,0.0995160529531094,-0.5199174016580772,0.3517299784005653,-0.17640628607934158,-0.030303057037266094,0.5011920077474307,0.789335729804992,-0.6955765657236962,0.07390634843853928,-1.122262648579973,-1.078229828514386,-0.9717691874712137,-1.8275418626393487,-0.6029580370556405,0.10382513407573861,-2.8076523855709836,-1.1540256486588942,0.2532243738923619,0.757465380190602,-0.5111264337342604,0.829019952101699,2.2389656446493884,1.5890281484698712,-1.2983482687629675,-0.1819542039453921,-0.8223910437697685,-0.07671883240459466,0.08297931186626391,-0.4852245435162449,0.2823595015879478,-1.44608790342437,-0.8387303148356963,-1.3917724872053567,0.4583489759797185,1.1313709128132945,0.37296761164365444,1.6722747100362712,-1.784081419528607,-0.06708419731923972,0.18092184375514722,0.4891809366522555,0.8692741449617376,0.2779539214255253,1.036972852802605,1.5556997256326641,-0.4170111996668094,2.020634128927351,-0.2516197909710563,-0.9754717103367874,0.7192069845643732,-1.6083933593203574,-1.9625307796884046,1.5094190918426924,0.26092665039284835,0.6782398718121767,0.7856501884370971,0.07768901253788794,-2.6749488650892803,-1.6922557745981979,0.5762612155698335,1.4323820499123374,0.9947914189671031,-1.0563838448329186,-0.8973069614514323,-0.1809284695797269,1.6264122571490405,-0.8069140008897747,0.08231710797754199,-0.3113125964328902,-0.7759191718104917,1.0287764322966466,0.6921188153544309,-0.09774734284100735,-1.2176258590038553,-1.3789606866827566,-1.8256550198863002,0.40676441201825536,0.6613786688291995,-0.31215001075539844,-0.7697026486152967,-0.5714104642373142,0.7841790657986888,-0.3969000768005899,0.8321401641488761,-0.9510865924040718,2.228660518734499,0.8417023864667179,0.6146663906821472,-0.7489522765661226,-1.0590330073410994,-1.2911322265952336,1.0892494746365413,-1.5403213253374808,-0.1932460189672985,1.092110597056255,0.927638572425813,2.147607220175877,-1.0395064347585063,-0.6902260864534796,-0.6547034253558984,0.2703517348029026,-1.470271833113588,-1.2357906569058572,-0.9858299136390606,0.6432918731516939,0.4010013388254465,0.7904619749145338,0.4843794592958357,0.1532925280808961,-0.8793703263925421,-0.29927507587860314,-0.6137673762869142,1.2754196355402871,-1.2976579594354825,1.0523096702133006,0.4372209230038113,-0.26484041529454244,-0.37315679292046905,-0.6250192805738569,-0.06626323957213279,0.6266762655222154,0.6029454264355104,-0.35281070915056073,0.04735104749070023,1.7922158590287485,-1.0613260314787032,0.2661594193093273,-0.22249687769910964,0.36343355581822945,0.13996679479945365,-1.875996298643091,-0.7904809792480669,1.2667655529206665,0.7138737816109595,0.15640228095146708,0.4191069579992498,-2.3268550374015353,1.589522889680559,-1.077119661897145,1.302977067060043,-0.4175647314179159,-1.0895789685849084,0.29036600936429924,-0.2139469228505147,-0.1431299243539787,-0.2211708383714441,1.8085226080324537,1.4212023960179985,2.7066455854565863,1.5026751179000608,-2.1515607040869402,-0.6825771085301756,-0.2223119645849002,-1.2794267862034003,0.5645367885305098,-0.19416339278187725,1.8286105664487966,3.191691233043341,1.4823465018524575,-0.7322703614414409,-0.2591084875147261,0.6202818528254296,-2.8636666438431355,0.7202691733188672,0.49262408727713414,0.2726618803738035,1.7733124242249438,0.0256547409620301,-1.2922051002715929,0.07868893164482708,-0.332653409603147,1.8526231109217361,-0.5085869298381509,-1.2941068459344556,-0.2185000837623857,-1.0528996279274236,1.5883673795294213,-0.45422450755836,-1.2324377351335742,-1.1774938910952804,-1.4323312591550343,-1.9134169439783613,0.8031374321767429,0.14584831973843757,0.07852638764378149,-0.7711961774193039,0.6026934183895796,-0.26501102283808287,-0.47415495955748527,0.21977651175418628,2.1597664123333113,-1.2159836637650485,-2.2852485428850158,0.5797559762580795,0.26393495441544557,-0.30527961292146644,1.8349784681646721,0.07555486687931168,-1.8891113519214409,-1.1725066970147138,-0.2636939492236982,1.1651753374510407,0.4832132842191205,-0.024638861185522554,-0.25379489246745485,-0.08195928481855663,0.23896299470205737,-0.6124012583549566,0.18157841713561843,-1.0312143745754365,-0.35636658401907784,-1.099693428607106,0.023349083498946287,-1.2069998444936059,-1.0515035605433847,0.6120484744664505,-0.2643517197368161,-1.1544856069853333,-0.9768773454240207,-2.3844280716674597,0.3222519378903868,2.293939530771414,-0.38177286002133803,0.055560519769701576,1.5886187769150633,0.08268165837473848,0.23323202567872273,-0.8490062925672306,-3.2412688906933043,-1.3577051454194322,-1.0988169513942816,1.2467467975374953,-0.5857308219009779,1.135984279864919,1.1742917054572934,0.46566517308620453,1.1814351819097946,0.8210301521952228,-1.378701980462155,-0.5167232246516805,-0.584205484330524,0.558708089763539,0.6926020634509442,-0.5320736343426227,-0.8000754905616183,-1.9418407151979413,-1.0948276976866553,-0.3822116723524683,-0.577232862770054,0.45039358891298154,0.8534807697939,2.3997552225696728,0.7861891718819751,2.2394504754006426,-1.237679818124771,-1.2185911966013117,0.21789749784673257,-1.238689946793729,0.7932333466495586,-0.4895350239290032,0.6919225292064672,0.8129855729446361,-0.8445409973465569,-0.4761180470804205,0.55400785686975,-0.24120456356650186,0.93317013667375,1.388561878149107,-0.9836186875100354,0.26474193701160453,0.8541179198713837,0.14219997663865871,-0.6265010401009092,0.4677297550796982,-0.020697606014348235,-0.8047635504911016,-0.20797162655244245,-0.3545478631172412,-0.5565229180348389,-0.39970265523053766,0.13547771485569113,1.0748790870070777,0.21273132633014014,-1.4527738937973211,0.031142094221566132,0.3640196474010299,4.2566183093469085,0.9092909669608404,-1.0080826459316425,2.2544735673199603,-0.46246313057866273,0.35749765897129654,1.4120311608394678,-0.6739119671917805,1.312162959932314,2.5276477805959785,1.997994175902383,2.25307798100144,-0.5995960638591982,0.04128887732583096,-0.9840575249256702,-0.1873452445655449,-2.03724053008209,0.35278381607662646,1.506641692550071,0.5818376976337049,-0.8337938001008429,-1.3223468731496304,-0.8000008413755506,-0.20724747818119005,0.47500541580844663,-0.24524130552559317,0.7202319550250637,-0.674823701876211,-0.7116849015847765,0.6568289629621092,-0.8519366188397842,-0.8908512644178124,-1.4628264104451685,1.400837280498627,-0.8173567270409621,-0.13353582529263724,-0.946740750246987,-0.07877070384271681,0.8144112824972852,0.8497134151411813,-0.663162705464021,-0.5208186625671822
0.28830451134735885,1.101061357543681,0.9990130763361216,-0.40062543807870893,-0.8078241947300678,-0.014717033110309257,1.5227947413814007,-0.21178323128956372,0.6524081496273605,1.7330394040175863,-1.7995755616422664,1.604293959215701,-0.28386348613456486,0.11290723320071494,1.1604354107219643,1.2629812913483618,0.84763326535728,-0.8289385462337603,-0.25311264160627517,0.2833559878254066,-1.5437870847195796,-1.1835672883471369,0.40757045886801835,-1.9978678336856246,-0.7208531955646581,-2.5801674481457066,0.17173825038060025,-1.2763967264330802,-0.08547649195785298,-0.22063710474157813,1.021166669982642,-0.5782253345096406,0.3770481074325415,-0.5087912436023978,-0.1373679633166322,1.351691202946006,0.04372371592314556,0.024181182498527177,1.123587315939608,0.20630791310370525,-1.2207022080155763,2.5503753391515973,0.28551944134469526,-0.08528332132904713,0.7681241402798002,0.37031944313091425,-0.6853478124307989,-0.5407442549482859,-1.0095229001053563,0.8295761414208636,1.4975792665132523,-0.8271358599415635,1.1626097267635866,0.06389633316837613,0.21136390197653565,-1.3735884944640337,0.43582092204463835,-0.4324160237516595,-0.6419831752180625,0.18413468837078079,0.8909477986872417,-0.4740078201603863,2.7169632316128887,-1.1827467826672204,0.1013327407555652,0.6832550229918831,0.00818546349307709,0.5194715473085916,0.2954475118847781,-0.25943831531045053,1.5338499672188728,1.6888491888285064,-0.2573247985250331,0.3678341176197848,0.11804367513145467,2.0895349795533615,1.590083154148462,-1.8229067309975755,1.0641793231638395,-1.3949520868883527,-0.15716242237399175,0.829044045823567,-0.27975449342293235,0.2226260235003874,0.7094407817051406,-0.23609545009542338,1.0181108715393896,-3.3254390354419785,1.2355403720243763,1.0815949851744318,1.480622968800402,0.4689433126213158,-0.04972592656410509,0.7634600944733745,0.22961481201518724,-0.6193382615864969,-0.8591332025131252,1.1988636637731322,1.6991827823779155,-0.07075250164802845,-0.24301925985461056,0.959483046398568,0.3590692719834072,1.26004080208875,0.47235305669219674,-0.3195316621172641,-2.532899434966347,-0.10449243058770752,-0.13254217096362797,-0.17045455961846706,-0.7406222186452206,0.5633615111150174,0.5140063391016062,0.5899165691290089,-0.08930247646087434,-1.114540891799539,-0.18977627523988164,-1.4423235675186339,0.39997291899381343,-0.8204227384479622,-1.088040451424906,-0.9756811667547762,-0.15141981741212313,0.3931044093895903,-0.36960866761065647,-0.7613940822708125,-0.017830315156574142,-0.8029723842181646,-1.7140284351814952,-0.3948817547658115,-1.3032159390857598,0.15144372878896098,-0.5973654943142604,0.728862783493187,-0.711513678200774,2.1893582794936775,1.10338348660492,-2.17799293544134,-1.8793593496110428,-0.2519834842464464,2.101429747953709,0.4695511549364759,-1.501379730725916,0.225237300949643,0.006247562187014514,1.2458566878423434,1.0776750709090952,0.1217018158277083,-0.6363069793574296,-0.24183381103891302,-0.618935402929928,-0.7650006506353751,-0.574061612228417,-0.12114321342798585,-1.1137949267294645,-0.903235250723873,-0.9089209497334875,0.6474974755849904,-0.45939578156762584,1.125358909701908,0.34958161935853777,-1.0601588998560774,-0.09299901582151418,1.1643854873754886,-0.5096316915919864,-0.5729738650515062,0.18185595818715328,-1.4515440491883773,-0.3850979956794833,-2.8363534367432806,0.7824943577236962,-0.8880567878723136,-0.14565292368802552,-0.9384520488679738,-1.322582697876368,0.5001941866782038,-0.24242260583811404,0.10465841324216063,0.44164057652001737,-0.7771473384060129,0.36360573907089894,-0.5887363112526846,1.0330402920888968,1.980972286648059,-1.5873859631318186,0.2634440274619037,0.12383626712954048,1.2470018956411353,1.3767476845778364,-0.4521299209350821,-0.8800759466294671,1.662839792357425,-0.8937703610432743,2.237921340555044,-0.9362759570663935,-0.20232307142140984,-0.9214154359326899,-0.16281441462898802,0.5546338264232858,-0.3228204925057968,0.8396783443775182,-1.1416201897554628,1.4616305619567458,0.8726019149145687,0.1804970606110233,0.7824760009295584,-0.43057224193025184,0.5782220897830245,0.12543441316321177,1.5582825024441094,0.1780547694491635,-0.42795780015107004,-0.7124460829442048,-0.6669569465724243,1.2685726816711425,-0.2916092850850678,0.2741194618312299,-0.15929459851078248,-0.22222275081900994,0.7494486728082641,0.38984181166253673,0.06776925036232304,0.6491369127933586,0.9535681898796841,0.04026911012054553,0.9915826607483595,0.2580350927096845,0.8065266551852488,-0.7184133117230308,1.466411503203827,0.6342074621718552,-0.16860938699213482,-0.33968276621581905,-0.1708216464013048,3.240953204453278,1.9502859760739208,0.22656539465846426,-1.1425137449125704,0.14939324841584986,-0.4523025013038497,0.49514373538254786,-1.7908549058756449,-0.6646294463449608,0.0008413773222516326,0.13996395774992582,-0.0639237138265443,0.024676171875660527,2.1669975071694836,-1.2172729279660088,-0.6763756640826336,1.2051979304400409,0.5473655919796692,0.28484561223152577,0.6947834325568831,-0.8617509202881303,-0.7419089954889609,-0.24347748937675295,0.3820996015617226,-0.6381274206108618,-0.4007641269832414,1.3180938665958197,0.9692260913999023,0.8311514992352951,0.04778634845322548,1.106829731482774,-1.1612712439476427,-0.9771012728671192,0.6449126102386333,-0.04287746401422116,-0.19119136652297683,-1.2657115504432337,1.6573354771728241,-1.8035515832804836,1.5512023678130467,1.4600350703926828,0.13516897662046273,0.2222253731530113,-1.2987608050308748,-2.1497523931771645,1.4945474105485377,-2.583563240650371,-0.2888129653954834,-1.8104494995759894,2.02817519528531,0.11452873917895245,-1.1946132786039352,-1.0766044775942514,1.6588982205802432,-0.4205069350841538,-0.9613521090424967,-0.403087816548536,-0.49524667942411,1.1964969129541876,0.39699365847000195,-1.0614126890459483,0.5731877510828546,-0.4661026852115407,-1.2298521842345342,1.0368510628866203,0.3016314324385098,0.5824961830080317,-0.9651948543948825,0.3434234845946084,-0.8052085601735747,0.07758502122731664,1.324424789536526,1.277003092479472,1.7455992998308332,1.1197543553893623,-0.03905502279479816,-1.1135840544056217,-1.4361251835638678,2.745912392707721,0.6938600556859521,-1.4546805133879994,0.46504333756228805,-1.1362182347069896,0.49312545350756615,-0.31654506206754884,0.6089153973335356,-0.7085470540170227,-0.08784452315618078,1.0921186535424103,-2.177115142281759,0.7985515410328418,-0.734809341025755,0.456493401982234,-0.5281146384153003,-0.22927023057086984,0.3487904393287858,-2.05635235036571,1.0548652707535922,2.525173626100761,1.3900310650169574,0.7893247953042261,-1.2299023340148736,-0.8553659536189097,-1.9682094466955549,1.4151133727319254,0.642801303680987,0.2442800709863563,-0.05736072703511613,0.1860491094459865,-0.10196014045603187,1.5865100608150218,0.2027829242411772,-0.29709566984945557,1.0667805136865052,-0.650595384338426,-0.6298395926657249,-1.0930510336194272,0.23253728564108905,-0.6145832014280502,-1.7316088983596294,-0.6422555657666766,-1.781682692320188,-1.1831081888525412,0.16999133245607942,-0.8162017354749111,-1.9761027571206164,-0.37071020311347597,0.08828384563243359,-1.5093559754453825,-0.3596550544078044,1.431708370374875,0.2993004909810739,0.15506676639312506,0.331425799573796,1.0982995462809266,1.7624063227621403,0.2457729777743142,0.4187062781111576,0.17019231358996403,0.7380562536133497,-1.0303782837391877,0.7216456352525576,1.4099029374027228,-0.7395438101300853,0.5052313787769273,1.232640296797693,0.1034814292238837,-1.174353857571754,0.9008793887817141,-2.498784730871355,-0.9189610238380855,-0.22104634320789104,-0.5707322440904523,-1.5254972620003315,-1.0050317051186628,1.660461426968921,-0.4215124441756551,0.422215962824442,-0.09649869958153226,-0.8496188844703381,1.0968530631636393,0.494770591198669,0.8744560864167636,1.5838437010617568,-0.9033861242752735,-0.9196923422176313,0.40363278276622877,-0.24048382557587225,0.0713317149590389,0.20518441270996346,0.11592737028180068,0.5933354531258542,0.060017167469642925,-0.46267565350785744,-0.497000186107239,0.3465257727034709,1.3865161558461359,-1.4804624161962636,-1.3174174936729999,-0.002301854244327634,-0.11276697569859231,1.572294909995034,0.11953087522456755,0.6478788439569023,0.6897424913556002,2.4283290109665385,-0.6180194251171929,-0.18695719324778798,0.5545516130630594,2.0196365048420617,-0.006935487743915367,-0.8643174804001751,-2.3832183620385705,0.49107543704422707,0.29794867789897644,-0.7466353880973329,-0.5688235681416435,-0.208255426010723,-2.3107433403748603,-0.8474842633345927,-1.2128454933888726,-1.8144644073338667,0.4266831045409889,-0.3635496467871251,0.6720704459685656,-0.695068416327576,0.2840910755160472,-0.7174960914913263,1.332757974288455,0.9798972198881959,-0.38822263091931897,-0.6927128033315314,0.42952250262172614,-0.1544342167481252,0.6965306660518796,0.5166197474501848,-0.1429175788657303,0.023441602295059535,1.0165028447254798,1.7904400050229796,-0.7352897539090789,-1.6823825807689323,-3.1786750012526013,-0.6273512953389889,0.3894477522458592,-0.21267431557676486,0.07395331205783803,1.463839237764292,0.33747945905895826,-0.42761051139964984,-1.116688014716183,0.8227284834122821,0.26998324058065226,0.41252692978669075,-0.7632850581699802,1.9506221874322545,0.9275548539555636,0.36895310220697125,1.1652119171663842,1.1103397914029003,0.7992953116639463,0.7551122367661675,-1.352000875164123,-0.48423412529697535,1.992807258568017,-0.27945634521334317,1.1047966915403922,0.10289641153234853,0.9529697144724318,0.7563201725552279,1.1740388224377507,-0.82591969682696,0.8066164160076169,0.3197791840934061,0.5759008683680561,-0.4769067892867724,-0.5686504126096208,0.5356340406265161,-1.067529811935774,-0.21713690493046223,-0.05911649713064346,-1.0646262091009768,-1.0283027406646028,0.08631840336045686,0.38965576515637107,-0.23023465015163383,0.28753420074081304,0.46815011185857475,-0.28866933676392664,-0.544239393023386,0.3781635946156982,1.108242999326419,-0.4790549227753356,0.44295092547655845,0.9383928826713415,1.1286064301503274,-1.7821251685921122,0.016284363567833113,0.7224927731208975,0.27719914308749477,1.782969082585873,-0.7697561181478828,-0.9578322269556278,0.4483174673316723,2.1262883425107493,-1.4913058755879,0.1277071411792398,0.7551612947099466,1.765759000137782,0.6543895447506504,1.3422144943727403,1.4849898057233488,1.8255670877090786,-0.048512912553578286,0.08912519566835692,1.2543780561251991,1.4309970314098368,-0.3182798795198322,0.326715347339965,-1.627144300154048,0.6274769122317966,1.0370430787715943,-0.5834475725922799,0.7486780559479228,0.13516594355098147,-1.2631782901896946,0.2044868862249076,0.3818028783975491,-1.2372708136464747,0.06658737267125288,-0.213187290018383,-1.4743112683370792,1.0680119399842116,1.237841361711309,-1.2208367773864413,-0.09247026025886726,1.8911267661337516,0.012996216349941152,-1.9835377386714919,-1.3658762488923535,0.8726688229529027,0.8762550298851706,-0.4765439691302931,-1.1113835586092078,-0.24037062543335533,0.2705278335745999,-0.16783393843586028,-2.004113109227396,1.3555872663565278,0.28430938005616607,-0.7941807285687209,0.6219659833681161,-0.7740089871809137,0.6484157104972238,-0.7706323796998547,1.2709699583264629,0.15943890977904931,-0.17098186580577113,0.6475200645783388,-1.5312796149221244,0.4743738002264119,1.0062286235906803,-0.8131733179799804,-0.4063902826187302,-0.7216493622616638,1.0482365738210824,0.24263056843552663,0.322999853950601,-0.00776271071778793,-0.8439592059065019,0.5636876154268605,-0.7727996385259349,-0.305965658622405,0.3095648837157447,-0.8584109808984054,0.3808149282804922,0.5735882974701821,-0.027467343555127127,1.2059775352760547,0.3899268758171718,1.0930157342381173,-1.177107406487885,0.6265863857547317,2.8683283402828192,-0.5858683387557365,-0.03728948306105525,-2.418480547896553,-0.8040114757457952,-1.4419972836608812,1.4865256232774402,0.9178946732935678,-0.07418531017107961,0.9353981319720743,-0.6759305786636401,-0.032279131466612064,-0.19042404565393112,-0.3403638926083749,0.13165643688231737,-2.9295809432299897,0.9407374296256252,-0.7159724867934634,0.23645432047073062,0.052281567558381224,-0.6529516523274643,1.8978641563086638,1.4508359394800718,1.6069522752064958,1.5993388472933054,-0.6525683134968591,1.2736747821366279,2.3664823162776423,-1.8611760590249677,0.9189437244105375,-2.869336568786154,0.09713234724606151,-0.607705999264134,0.44492104352513673,0.028098924730373884,0.33317945061727483,1.0614181373444005,0.08809345453916693,-0.0024993728768563836,-1.0294934814596985,-0.2304590330388583,0.9149873464771312,-0.2521409576954463,-0.44542387185450083,1.109958883255807,0.16468776195429244,0.8724859963429946,2.033161502316881,-1.0402307886938265,0.6619822595708149,2.942103032163941,-1.73935617364183,-1.2265048559408058,0.12288026391924707,-1.1125279071890373,-0.5241651835379805,0.17886546149601645,0.1894471728428236,-0.15065401248827998,-1.6251498410869645,0.2628698618860246,1.7974239486673615,-0.2747540115097434,0.9263446346041594,-0.6955027961235934,-1.329221512074278,1.422796187111082,0.6255289158186973,-0.9282083890387167,1.20874205376192,0.21924371760540767,0.15604447580601494,1.4699038452089335,0.05963800648205263,0.2979266993776437,0.46338420819585835,-1.7894618129259945,1.13355359343136,-0.2750484211959839,0.12482576959274018,0.772951804504165,0.5789614638213036,-0.1355414282066785,-0.19629601870301477,-0.3864693296646453,-0.2996110313241611,-0.6148228015254995,-2.665956893681267,-0.6250065338039817,0.3013419142575598,-0.5429693616510307,-1.4611740779094264,0.022774478835976338,-0.14779687892942883,-0.2747849469996445,2.1641441861630892,0.32649456660263626,0.6687399901736071,-0.7244386960883823,-1.8901237551365822,-1.1898206817828765,-0.27669741610994447,-0.07340890985311341,-0.2146387849460027,-0.19814428584353613,-1.035119566483812,-0.39095866454569483,-1.0526119021510276,0.31057936604761405,-0.35678965726115963,0.12100617005120645,1.0251433531611553,-1.2189889906930993,-0.5937545222706905,0.3094445159316969,0.7458354559138204,-0.7446687135484589,2.1051297493192607,0.7802646747053243,0.459165353122642,-0.700343426410559,1.8950220474469897,-1.1799295829207475,-1.017668932158608,0.6462560965985364,0.22746025329654315,-2.0309870714838785,0.9942424252390575,-0.04775348811281652,1.5315870092589556,0.27316641446527,0.8863697734768482,-1.635744530436154,-1.5423735520750208,-0.2198242941542243,1.1317497371475638,1.6951160322070977,-0.3779998041301849,-1.9943785222668178,-0.1908313426610048,0.8610493839980684,-0.30505071745093254,-1.2621359290843852,0.6599330291962774,0.010442788033339284,1.1772689559410547,0.8356711358810425,-0.19534874170921399,-0.6053982297754089,-1.468796024437033,0.7224164818324031,0.17035493059926085,0.9525857112238059,1.1716116488044894,-1.2582856342929813,-0.6592101191113949,0.34385584592546314,0.12308007582511389,1.8959969803463301,0.6714010855150774,0.1195130375791744,0.9361242011520775,1.843948981877335,-0.34054508563514607,-0.842816521137226,0.16665670887564027,1.3629033958980559,-1.4127597529461178,0.7804025342040699,-0.24457465562115188,1.0803569298440407,1.9138702483036847,-0.43648112341710466,0.27608529171529134,-1.0640273735689993,0.5623622905203571,-1.0372894387743217,-0.8950727407080049,-1.7301944981647963,2.114597610466528,0.555951472647434,1.1281699151610243,-1.2258345005147653,-0.8572414834620664,-0.2554492264638225,0.8811730883110311,-0.23415068361533076,-0.167079153426464,-0.29353372820601836,1.3695074851914033,0.28860144545496813,-1.1665307278566917,-1.6395400470870456,0.3380808967495429,-0.6333077056578383,1.0137304406082412,0.6576753263442242,-0.39659314216183184,-1.627537036780112,1.603487680714416,0.6779343921755199,-0.016271501502995264,-0.21709056655246128,-0.44452578160828055,-0.7224699750213327,-2.139100034376776,-0.18196331101809646,1.235950031453113,-0.5764419976272721,-1.303954343435398,1.0010850799381708,-1.370451736703763,0.9369471230113384,-0.5589723673197584,1.751770508050417,0.41220056106774905,-2.429762719323398,-0.16520068971186821,0.7208023707587506,0.523636510702694,-0.2260324393695501,0.013813227900081628,0.11422719658316235,0.8313311409996269,2.7022370935063904,-2.2589106158973067,-0.4743765941389605,-1.7700426463567323,-0.5589167867915564,0.8018812441096957,-0.9513187775255788,0.9897100547144241,0.7660253538722148,1.4291421841680594,-0.01988734206115026,-1.431010615125987,-0.6579119062109297,0.45605468679830236,0.14705391940452528,0.3100638038458609,-1.0875410188483152,2.3599425004506553,0.6237829269258021,-1.0356063205696178,1.291703728841343,-1.0914294398427284,0.9720144066558323,-0.2643248152226953,-0.4967407773192178,0.7474764315176495,-0.5069158203817833,0.33465405569562495,-1.3776673683238736,-0.2576603016926944,-2.343380633323133,-2.1284851881364153,-0.794557091742962,1.0847159992490643,1.2002235376244255,-0.9131106939673538,-1.6021697399768702,0.7376593891613417,-1.0917679894088375,-1.051226987458945,0.45552041547787925,-0.2118795508507158,-0.7264751915127899,-0.19734975323884618,0.5770744953629926,0.3658441448764047,-0.7340090637416546,-0.15091055671409917,0.409647837799841,-1.4788912229375242,-1.9642183238899904,-0.7569840837959875,0.8173259864752112,0.4968063917066587,0.3791672037062333,-0.4306253246170481,-0.556739976648675,0.5986050686652676,0.6177849305561683,-0.0721560070905076,0.2737901437844903,-0.48493014594188727,-0.6783176485531192,-0.43313719082238833,-1.800457238130198,0.117071196403488,-0.2709314874536099,0.5034210425881556,0.2358321927010173,-1.4589873784960734,-1.8903998800879238,-0.048195613155866464,0.8328851765074966,-0.6171152255217743,-0.6650375772515184,-0.5731796985034034,0.13623101269459867,-1.4844445894722358,0.5487280648191551,-2.7726942137402206,-1.561160445322414,-0.4733756054073178,0.8344958209001667,-0.8484031483706848,0.16550972850169604,0.7156545804555171,-0.11845813231954451,-0.6060645101642667,0.12054280994376969,-2.1027133695939066,0.17447318233795478,-0.44377793954884387,1.6593275270187857,-0.14329880553819155,-0.3497355266984615,0.41970711362921087,-2.5879403340051286,-0.41851407095955134,-1.2915798359182102,-0.9120604466361705,0.7281813134067957,0.5797339364009689,1.759797978510546,0.4324978960636063,1.7823650347745184,-0.9973045223986797,-1.1392499345499543,1.042108047125944,-1.3863090316667737,-0.09238408474479638,1.876713846268337,0.7177462218554095,0.34978074392513614,0.05577081720530304,-0.7360657176698034,0.2265580954962803,0.3443445851924555,1.8169983630715671,0.5384538366969214,0.09428475432877922,0.14942678813944088,-0.4879021311517445,0.1418443482969458,-1.3465130342230751,0.6678584860316397,-1.2013722747524278,0.45803756019732095,-0.294216189013602,1.1731709224150024,-0.005217865626915691,-0.6282630180233556,-0.466260669900748,0.9842201398496204,0.7991476657514824,1.3411724717621476,-0.13105626648178437,-0.1362133771870835,2.7143522179518578,0.1711318857781013,0.8545132781401531,2.22394664172285,-0.87238597179328,-0.15556044550406012,-0.23101665056229537,0.1984527048304677,-0.0074616344261380745,1.1603399812546242,2.0193329513395417,2.050295126397204,0.5257803979222916,0.27039125340504266,-0.6179260417467403,-0.8530139969594513,-1.6425047684609355,-0.6928623474379223,0.8265166149053745,0.9061091784267616,-0.6599902935771439,-0.8133427407384157,-2.856463918554753,-0.15088528881783195,2.509063656395714,0.8678587781921212,-0.8901531928674813,-0.5258880666278094,-0.7743542696953672,0.789832212574837,-0.6520193761690031,-0.2699231272549078,-3.3677140156825676,-0.1621748266469854,0.26250192061165817,-1.3372986946000878,-1.1196181304729065,0.45936901449350526,1.6546710551193426,1.0070010384702133,0.4649072234749026,-0.2848426000750021
0.8771057625449863,0.16232325664242148,0.25770695438195734,-0.43317560089466484,-0.43619970592436424,-1.7276549082532824,1.0684927927842824,-0.2312555514582024,0.19566699012628908,0.9321610116071944,-1.0293116291648028,0.10558840605504828,-0.5471395975831378,-0.9955967356905082,-1.402796830616764,1.754609386317503,1.3498759907889695,1.1724066308947254,-0.4769821018756154,0.3370611392271088,-0.18250280715374953,1.057425014289623,0.20493163933107097,-2.916516911111444,0.5684010224445789,1.3832729511107476,0.358113719931679,1.0430204961503553,1.0551811983259536,0.9550684212539156,-0.14540030690493377,0.006518083936268646,-0.011531113773689832,0.5889115411754104,0.5436117491316743,2.61295984057963,-0.39104074091699387,-0.4634909109397827,1.2924803318418112,1.1921270668733284,-1.0560722821827424,-0.4249878709851467,0.9037732972490777,0.492711049450803,0.09483262294814847,-0.07061940668834742,-1.9395244542305656,1.741304847409225,-0.20654587265144622,0.4664776156879607,-0.4126869040267439,-0.5643510234402919,-0.016743426411624632,2.878269197694885,-1.1499742562928763,-1.4855584667333745,-0.279497934144625,-1.5694664273565488,0.0010989272326250167,-0.2913960482222683,-0.715334536350117,-0.1052816044528408,1.008227022061385,-0.3039782992038017,0.40003824888567197,-1.324293734700693,1.2999225118624622,0.27395635500766996,0.03453441353969165,-0.699472516189565,0.25809944759416825,0.5993822463462909,-0.18407058482774236,-0.9556229993914204,0.6721316324357446,0.1262899439705228,0.7811936687483617,0.25613566033359686,-0.20564607287143857,0.933144836134371,0.08350757258015803,0.07198167822475447,0.296248201574949,-0.6638702584746182,-1.238083908188883,1.0497926660873904,1.0223817353871456,1.1534363457219137,1.3175993675811057,1.6205686525257406,-2.206160051369168,0.2970829784417919,1.0748657568522701,-0.32647321955554975,-0.7193841994626279,-2.1159646599097512,-1.009941526028144,-0.5640825088705463,1.4640393217913807,1.144116496539024,-1.6000450024102641,1.7195996221124645,0.783679982353935,2.6763689711586,-1.2253456968200915,0.6860401110295048,0.2544427336121835,-0.7725085278375499,-0.7849141322998733,-0.1614029978973703,-1.2924795670462956,-2.159254658092447,-0.33564714211729296,-0.5935623240347395,0.4130520494990998,0.880937990359738,1.5458778275787468,0.8011670279870553,-0.9220606566394393,1.0765858375930375,-1.3297182564525962,1.254168527020209,-0.09218529607328028,-0.6473786835842571,-1.7510832144526847,-1.3541811929656966,1.523193555003822,-0.43095507542261624,-1.0491107019230133,0.035146881302764506,0.11272759542766875,0.8252647647080165,-1.6775194115464893,1.4130795418966877,0.21739594880542004,1.7326764225455291,-2.8544101184294464,0.5231102526557114,0.7104167658447207,1.644712429611413,-0.257823925707057,0.03195568896881535,-0.14258861275352155,-0.8946698567198816,0.8246761021767905,0.3176612520507461,0.28897551824648576,-1.0521156386728565,0.9405458968455934,1.4924222204001647,0.9975056440969028,-0.43881394030759874,-2.015293678400824,-1.0250451647939012,1.7355387328523448,0.29737712485746237,-0.9885909223313085,1.0737458331268444,1.595140488366578,-0.3155406742381006,1.5575945695091726,-1.3664671317028434,1.147130586642045,1.475147012169949,1.6548784638324645,0.017374164049362522,-0.15730412744901817,-0.12081033836245746,-1.0427441755998883,0.7467929684626158,0.06369382711545647,0.7926600346203623,-1.8391336051679226,-0.6139792128187285,0.03582950612782938,-0.7725202636848051,0.05175314725974203,-0.43676525213087625,0.8934896947188307,1.1866566377690824,-0.6289973437743569,1.3489446159756522,-0.09088542987988532,0.2033898952062391,0.23963926783495837,-0.6309353459123535,1.3047979592774845,-0.7768480263321385,-0.22551802509527555,-0.4059756419832679,0.6042477075080146,1.1877958757156555,0.2029861197522787,-0.3126298189070992,-0.2998722893785495,-0.5595090023384278,-1.156885361279409,-0.37865316770975693,-0.5092293231905356,-0.5648282307507725,0.45617586256319753,-0.9990326897628278,-0.2152378624785329,-0.4911732035188354,1.0140553293133414,-0.04591953294184017,0.08579501824361183,-0.6219705797108652,-0.8536734063420328,1.9329181147636385,-0.0396700339419421,-0.41547163166027357,0.7117816448238974,-1.48327846850201,-2.1834602462470865,-0.0968914769371068,-0.7581896290690069,0.9250997872204105,2.4124870795413567,1.0200141404501804,-1.7048061241658836,0.7546336830736302,0.1946452579827939,-0.5737567095327473,0.2163000671665839,0.5279723333156177,1.2265505609439533,-1.9255224281875791,0.7575400438960102,-1.7019908405698616,-0.19400589445424743,0.8110642939050746,1.0659118891921728,-0.47023539235690204,2.1470330947519933,0.37450311534318775,0.5938032666458077,1.7109219660239787,-0.0005480287997700007,-0.43360143913040883,2.1507622203760435,-0.3825459832169758,0.46664478663309733,-1.6233307454458614,0.5354024679725122,-0.46337104991577976,-0.9454646733069848,-0.8723217488734766,-1.4640912173479268,-0.3826968886282739,1.8205930150689094,0.38351154614286187,0.9200475731706048,0.1673701845881737,1.0320049650706213,0.8738179296983787,-0.015786060443111472,0.06869403607513197,0.18178741372002477,-0.20768871253903115,-0.11462517588897232,0.6862707424563497,1.7111026919045103,1.165690658953269,-0.6704732728868407,-0.8194115720968572,-1.349764617887928,-1.2765079762605283,-1.8260366564142538,1.2590652542420955,-1.09538113643792,0.8964027973187628,-1.1528019951799027,0.3927646313721934,0.6227461149045013,-0.7063240921261894,1.0078554543609273,-0.22518960684205905,-0.1388936558216156,0.7384070626087182,-0.0025984196492957797,-0.9767798861681269,-0.030152205302398937,0.3465025105501269,-0.09229365313385322,-0.33875809032720094,-0.7703680856139732,-0.25924418168655305,-0.2972274683463671,-0.9410231716174247,-0.12566508949794578,0.6294127605615373,1.4187166210079862,0.4002170527393647,-1.106862119644966,-0.11019985689336131,1.4017593264327457,-0.24975627261777494,0.5090557578192297,0.6067707877637446,1.6799743385995427,-1.234609898276296,-0.019422453414668205,-1.5934048361155464,0.7435661789426834,-0.73719016235853,1.0538728219895104,1.3626275368798475,1.6603383890834191,0.41125658665298676,-1.6456405714729927,-0.18148106046496962,-0.6470567550827443,0.13389084104661134,0.5939211485690933,0.7665409862042502,0.2480109255403242,0.2091779382479236,-0.7292058371773311,-0.45563877498380706,0.05310326502764422,-0.3792881166094062,1.1864138536865196,-0.957465989660102,-0.9408487079216008,0.07118035631908448,1.4964287139877142,2.3994837857840805,0.24752703702435122,-1.7427491036035623,-2.1591701701285335,-0.10535783427322051,-0.4235836303199136,-0.35709676064892165,0.5191052120999167,-1.4063125481752143,-0.7824592709282687,0.7097103397709107,-1.3101473577883234,1.3462370815151576,2.5676201659482007,-1.166373780458703,0.26297064320691044,-1.0675727269410813,0.37226052504604296,0.9045789148309601,-1.3705497183962392,0.9361925781895382,-0.3084506840998902,0.3687549015073318,-0.5656913323774835,0.05445875511982093,-0.9947348370879132,0.4282438666972864,0.4624301422000785,0.5047719757809305,0.7368587669918834,-1.4527309732332534,0.8331147683235819,0.06854818437033375,1.4770964941309008,-0.0186379086662801,-0.1649198793494857,0.2892631218823995,1.7642153445306687,0.32103904036798037,-0.05610375360618019,-0.5860059940610132,0.4450304896396865,1.4459806003199123,0.11497133852248578,-1.8141458336949414,-0.5132367427071596,1.2443248869924,-0.34504413798209516,-0.42255748283926153,-1.4992239771673783,0.9094483630520257,-0.7885219845577146,-0.5164938153226838,0.950328143218343,-0.5892460994372588,-0.8490586640896137,-0.3359052256739254,0.6306413436483049,0.11734165464489489,0.8891552956108852,0.4502307946154365,0.9946049493920479,-1.4576949451070753,0.04723679955581191,-0.11439658246965463,-0.12164254176287904,-1.3149593513688442,0.9742235197568588,-0.28197993660389287,0.7447704527969414,1.7786780291421596,-1.5751855139325737,-1.0485064082415436,0.6520243519743703,0.4660652387232432,0.21266340712576778,0.8460138338050345,0.5881338431798865,0.6979222710760263,-1.0722932715270477,0.3618618527533362,0.506355195211008,-1.3534348955165942,0.3979846622476898,0.821019812324402,-0.027117361775604056,1.5331445192351516,-0.3527039202334516,0.8216337137681453,0.4851468111055457,-0.4784567721215075,-0.03405388863349987,1.179591256718337,0.6817236886284657,0.6762116615924626,-1.1793239592892464,1.1223886222157473,-0.518648657272201,-0.24777745529510783,-1.1196237047946587,-0.7859391284976017,-0.6701022404030734,0.8556691012283701,0.25219211965194915,-1.5667361857741988,-0.42587619054142595,-1.318459607608717,1.4801754182325446,0.0511423901520518,1.4091510890217573,-0.843056903284427,-0.7324830015763022,0.14520403863073764,-0.7427714918173007,0.06881305361223589,-0.600470001723317,-1.3378971657713374,-0.7369909202824778,0.052098861134569914,-0.8486595590099514,0.8022113415959384,-0.7728763647772308,0.300648317720666,0.14559093414584015,1.2831176929569765,1.1671350814342212,0.8190211728888424,-2.0485009436982664,-0.4659051581291864,0.05824272223674257,0.728799450081248,0.23167196934480655,-0.40220820954437697,-0.11689353126686608,1.5196863714296633,-0.23907244141188275,-0.7899108402751193,-1.9035522189410548,0.4047128989892967,-0.29548445705556675,-0.08575803954264441,-0.4392575205405276,-2.2789745849365373,-0.6585097508762606,0.2930155825905563,-1.0207940090161642,-0.9886576357130336,0.34828726261905857,-0.3626553183065674,-0.6062641941635871,-0.6318831835030402,1.125072034633893,-0.2769144454166426,0.5342213858830355,-0.2069401458662683,0.2794090422637764,0.7957283883510742,0.07858154065719347,0.09580079037629219,-0.4242741505874565,-1.2231392070281888,-0.4888479051752621,-0.33052963701201277,-0.372918746393476,-0.09487949490290136,-0.6168543976593478,-0.6793007012157527,-0.12719612426621713,-1.238932028540924,-1.4715264779846355,-1.2002173681518935,-0.7323552143481298,-0.7449203933298832,-0.024401414698563557,-0.4528652463075136,0.9089738405662332,0.5385312734930049,-0.7055903028733695,-0.760158105050849,0.6504160615661202,1.2295048299932967,1.2937052458973441,-0.1667615902804132,-1.584610486050878,-0.6089546852591285,0.9030046538098361,-1.8119714992276434,0.26282763681133886,0.38775681619966557,-1.1497400019642778,0.7674931401240085,0.6146983713143243,1.2280371650977242,0.4916138991385151,-0.06875185012034,0.8749353910309708,-0.5880560017658272,-0.391487333648036,0.6641603781890502,-0.27304528161703706,-0.4436575728391011,0.813082085925218,-0.3900835079307169,1.781519279806125,-1.0394039308408376,-1.3090915742943796,-0.4326802928758636,0.791992241860865,-0.2949159307292284,1.3679818742593823,-0.8698236244631831,0.7761151510031693,-1.0686668048493408,-0.5036337966012565,1.0923815878654097,0.18170742111241836,-0.2544226645034597,-0.8764550051267099,-1.8029170240586145,-0.880810210215839,-0.12949291443500544,0.648088384782528,1.139442453529896,1.451250634848186,-0.5604211577599982,0.09672337808588079,-0.6932565813799901,-0.4793669652427336,0.5309385433687648,-0.9142898115496907,0.18862258464332007,-0.32730719565997124,0.8413940812212845,0.8132153584505017,-1.321396929751019,0.22856986520777303,0.6678118851155391,-0.6676264972293735,-1.187924088286474,-1.2961710672994688,1.1756639004376315,0.9179082861436552,-0.25319273623999944,-0.7806347393128389,-0.010071188248449738,0.9094622741280399,-0.13838423464037553,-1.3579141829968662,-0.5349325479158547,-0.6803648976263528,-1.3332119677461267,-1.7644336544871884,-0.5380321844790381,-0.7212055467741041,0.6690472628658882,-0.4020425315614789,0.26642450551473035,-1.9384328380042324,0.7805442677220618,0.6657295830911081,2.1564581751359735,-0.6065099277050505,0.08779687422116982,-1.1967293154787895,-0.6223762107397839,1.2423690798078513,-1.2613746131058103,0.010822095681606041,-1.0680421717366708,-0.17433574626506002,0.6777175752299313,-0.7352059150772715,0.3754204252944816,1.1917515397122904,1.3499599745225688,-1.1983255680136524,-1.3328888149773515,-0.8457989868003544,-0.7313498937955273,1.5155557688643866,-0.6190310984884333,0.35671468563440056,1.1250122107922529,-0.5136147283058482,1.4686910598842757,-1.776110066702041,0.5414606717597582,1.1101523851245598,1.21992128010216,-0.7480657648334224,-1.286429522019921,1.3040194487614254,0.7056103986448404,0.6635305780855663,1.2518602920121957,-0.13038277643908933,-0.6282540764440864,1.5014543424322655,0.03987420782381336,-0.5454170672610448,-0.20888496677828697,2.165162267279473,-0.7814574372984765,0.33675709424532246,-0.2922534754874627,-0.18020871275188058,-0.6718237895902917,0.23215981468243968,-1.109345573320201,-0.9002116552211462,0.08908198252943478,-0.19001250760695046,-1.512884014538814,-0.7667938939064154,-0.04583000648734266,1.0229361748044021,-0.17220132171864194,-1.0679141606523606,-2.2888219301343944,-0.8778022058598427,1.358295728318872,-0.5101228980235248,0.8405254341446932,-0.11840864057796346,1.8050955125811685,1.8333501653339008,-1.9081655603721455,-0.36050481471246415,-0.3924761152996411,-0.30392458891534974,-0.1352422443732338,0.45668404224528353,2.32923306977323,-1.3850655757925356,-0.3253716875055007,-0.9469474620159152,-0.3989161681268397,0.590613589817798,0.491530462367334,0.09681932145365438,-1.3221166759045466,-0.714996575907439,-0.42467334198164336,0.35915613486627873,0.37793573338085634,-0.08517415100087145,-0.6856765115440518,1.672751330409974,-1.1782240133738375,0.24853288552601688,0.7517856171952949,1.3249019136771754,1.1986231298959007,-1.956104128257271,-0.012178919969251295,-0.677961225268047,1.0352800577265875,-1.1257677130497608,0.18702345653628788,-0.9899048371012105,-0.6997866301562253,-1.544116623155401,0.4328475692439102,1.1173778370546958,0.85668511430822,0.5356558683679206,0.3281992472964612,-0.5795486594611202,0.06958131269599006,-1.3003811937118934,0.030581043108269278,1.2940414854466702,1.3324252898706253,0.8692590799369856,0.1797228924130054,1.4337706861708368,0.41102349107222363,2.027975674132576,0.06489143043539945,0.59804480904785,0.419811492322008,-0.7687127798872351,0.2334148353983836,0.2279809620998175,0.1182695962727568,0.9777010217407053,0.6458360076718574,0.4876845110671579,0.8824452826153764,0.43204858977390737,0.18574647267180786,0.6779745576864997,-0.3297944401392357,2.017223600430514,0.3353762764431951,1.7552572731436937,-0.6337477329594586,-0.01570144176040313,1.6798172419133375,0.4374364152215464,-0.5723195519918488,-0.3543625790269367,-2.2412660951167203,0.5386912105752758,0.3270249580436302,-1.1409307663985064,0.0019417992384774673,0.31483100767682254,1.151456940282958,0.39607371087925286,-3.743294961763632,0.10466886542421729,-0.29934877116279623,0.3954902969252982,-0.08472343990787178,0.35223168288948153,1.1902131906193398,-0.6654697519088145,1.366515203523945,1.1757512201835387,0.7743928680752895,-1.122182411432502,1.5009302425663986,0.774148375531448,-0.4038266466620145,-2.063070030669628,-0.4873427744445119,-0.285724506711019,-0.22116550682023994,2.166544711849453,-1.7022462502091043,0.7864149834114919,0.8124934263879682,-0.6520507535895786,0.8558240555016302,0.4882923173284045,1.5038640147142919,-0.5658247942959285,0.65210798605458,-0.2675486435508003,0.04902563705310598,0.6707999644288114,-1.2664351545986348,0.359515425323421,-0.048140863245302076,-0.8798614942035269,0.2455107641551828,0.33170586185023326,-0.781980756734086,-0.41029878361676786,-0.03053592354986267,0.8325031110038279,-0.9474586237840947,1.2561673748034097,2.819695863100437,0.3459698995464425,-1.074310654860761,0.39346999194360566,-0.12154063190549891,0.06022107968129131,0.5247053524832028,-0.9937818761389867,-1.196108085390642,3.1708054463884423,-0.8170137944499094,-1.5867885532170087,0.37249366301135745,-0.1105423078861456,-0.3350791077897804,2.352519673541007,0.29868725962162945,0.20173842578451864,0.42218382765622625,0.29486641755629633,-1.1282082653722008,-0.5608736768755398,-1.519806229429462,1.912641299333651,1.663484576515791,1.346235562961962,-0.001779029464896574,-0.4227870248082809,-0.7542088807294692,0.2583479163870068,-0.22847259415096852,0.1266929272254443,0.4847238775080483,-1.3603090336877903,0.641949582424929,2.167769721077787,-1.511093977711033,-0.4837910482199429,0.537364261435067,0.8622244809237656,1.0213869747277085,-0.6688847831929425,-3.0348158146678292,-0.36753884377397067,0.49683789668061873,0.24443142886087718,-0.5643651100729994,-0.2906153457140517,-0.602613197999698,0.8001169859771504,0.8981280468394767,-2.02495153078838,-1.686712327415898,-1.701706712514986,-1.8205775346329696,-0.26867296140817915,-0.5632970205435894,0.31016907634282154,0.3575566705959075,1.1324751126910335,1.5663818845362212,1.3811970512605904,1.768076720014785,0.7034419476150024,0.06590700704190343,0.7076661932917919,0.28451400328748433,1.5041675725436572,-0.5158966412996016,-1.0321075249980842,-1.4572260879325594,-0.1671325286156694,-0.6842245917411632,0.8590227265382692,-0.9594444303041313,1.9772011099919422,-2.1157867489524014,-0.42678637782872286,-0.5359077079343075,-0.8482300374695155,1.9019703830782402,0.9037644998067066,-2.2580766069891958,0.08907610802106075,-1.0944459328158385,1.244396278920625,-0.7150672814272581,2.0910930918642374,0.8181653942611873,-1.1602572135351517,0.2989766379527243,1.3329020853933455,1.868434175814128,0.7923425906877977,-0.6426951253701257,0.6116991980478317,-1.1361566073531069,0.4512953511978355,-0.824999297669688,-0.006837399794993935,-0.7888551411110398,1.2166631441676816,0.45674837832512766,1.0312023046434846,-0.40767205936692114,0.53300670995289,-1.7496861357618583,1.7129860782288713,0.8157488348796345,0.5184271019638949,-0.7996963326624865,0.2989931052685957,-0.7368314762931946,0.5243652099150583,-1.1101373054859005,-0.8516079693885392,-0.7538960262481396,-0.979429772532606,0.24354112703386055,-0.23766359787803076,0.1623494003923856,-0.1731241091935187,-0.6597116460112552,-1.8584272486987798,1.1355733315114291,2.425106646878193,0.35554392479709795,-0.5032880101431964,-0.3864032836214525,0.6293556277994133,1.8560643820968872,-0.7131124200999746,0.6003948094530214,-2.3695937484989926,0.07200734072258834,-0.6022804163416393,0.16933802607577628,0.48312030325577293,-0.998352594555842,-1.0527858214408652,1.34081372976772,-0.33992675560181784,-0.18521728665625775,-1.0821868122341256,0.05879794645679371,-0.03695581689650466,0.28851793065235487,-0.5722757948965772,-1.0062850496220985,-0.6147213378186872,0.9344361829452892,2.387329065318045,-0.3537818942084252,-0.018481733125555958,-0.6423727519789295,0.10717402214301834,1.4593396655685924,1.1457532194667355,-0.7142725155875496,-0.05248771678851029,0.4257704720912695,0.4446671229198621,-1.1912323062362435,0.6836779780193949,-0.6064814717959267,-0.48008705664168716,-1.9870339218650044,-1.3720492901934995,1.7829241488259477,-0.9665562829106484,-0.47179151751735354,0.7020719113935617,-0.1982839413222418,0.11684983896217739,-0.3378345181219221,-0.07413493930863352,1.0338126015646725,0.1724344475285622,-1.1473443341066556,-0.8579879077293783,1.9919397030868011,-0.6643496654003818,0.07178700623821112,0.5893286888663708,0.46686938607159023,-0.24415732489607475,-0.4726352314258433,1.3162804129954713,0.5757406197758104,0.8818398318501474,-0.21008559363654009,0.22946280729568255,-1.0668393807034144,0.6684036522591753,-1.7546542544940478,-0.2031515840449445,0.5289940083451152,-1.1541857597515484,-0.5736953557432508,-0.358897868846759,-0.19948558484783718,1.6828694274197904,0.4045503631535331,-0.5524732854671016,-0.919986971586415,0.8608712013017994,0.39977991543493246,0.7805213444958444,1.2875684828293323,-1.0655730211220813,-0.3362701997343423,-0.025263874996801834,0.2710016252957845,1.0452708295642958,-1.8345659749875847,0.36045548829943475,-2.160612245721621,0.2810696766280962,1.8100973216123486
-0.13279120675518558,2.591416051107371,-0.22333213481905695,-0.21633748974107367,0.07062039536012205,1.1414636904582622,-0.2509921074952752,-0.44276358620141526,0.14013641359241014,0.7926386038118436,-0.7750548106662755,-1.7328080006644888,-1.583052567806828,-0.8581885566704694,2.015331188442995,-2.000610006665233,1.8623291060058957,-0.9628983796878575,-0.09866876422996133,0.07066968677361456,-0.0838192500903177,-0.9969465466668612,0.29858077420950035,-0.41365801884749803,0.9269950488865557,-0.3247578891683424,-1.0937318021103832,-0.12471271883116493,-1.3057827969164224,1.9642369612673194,-0.1500592845400221,-1.6416777607094815,-1.1542876934721578,0.15679134946556988,-0.2051886455818907,1.3138863591328043,1.5651685160761786,-2.255197885889849,1.5804839205589833,-0.625389841159227,0.2404854228167262,-0.7536049180052079,-0.37340461978914546,0.3897884034554754,-0.6899783289843714,-1.1506513799207576,-1.0904800130562062,1.2628518369493122,-0.32872206856176917,-1.9693966734003665,0.3737938665975908,-1.787717817785215,2.3151951796233647,1.1439658983657783,0.4998032631787904,0.841793107652636,-1.8907198135771182,-0.3324346389303755,-3.286884160434044,-0.7319233863680565,0.114266152697122,-0.15240471229847946,-0.11220412509014642,-1.8320515984259358,-1.0896710657233368,0.5141822540689269,-0.09852415534945995,1.3164435725182158,0.3319018054718659,-1.3330489649760693,0.30087329135977553,-1.5016347535210237,-0.3991449848917806,-0.674017373348897,0.31657667568131653,0.38563264279125903,1.0356718162135203,-0.6384738511333372,0.280263066982984,-0.39725710272563763,0.0298544470489766,-0.5545626083394388,1.888015095158313,0.18891431846597453,0.14386431916936582,-0.93781520358173,-1.5074140120413895,-1.137450524401851,1.6011745568120028,3.487638219373755,0.6054695667310872,0.4621437646721255,0.3027372394437262,1.0131259894583484,1.26108009359151,2.3829503178586164,0.8288393113984936,0.7006545399351853,-1.2746943494143623,-0.006211130453271063,-1.2221365273701923,0.9983039138798463,0.20052780764613995,1.813335947823272,0.592471655822031,-0.6606079413832279,1.3250481100633082,1.2305712992184206,-0.530294398850815,-0.49571318744103793,-1.5965690676423383,-0.8109386475918653,-0.02879614132734511,-2.0385591001411147,0.25239447729025966,1.3011586688041061,-1.4379358089649157,0.24342516328999578,1.1807185915866958,1.4920721911696335,0.4659859910337037,1.5731505479471974,-0.8967907710903825,-0.9557463056265576,1.7342686396783928,-0.25573703705200096,-0.9026630924577835,-0.8331475432019775,-0.9919600583536562,1.8444234351760438,-3.355516999929938,0.8165263473198829,-0.29081095470635276,-2.2673670600202387,-0.3437839108764825,0.65214107302145,1.0365804169442439,-2.4528660766706687,-1.7940310934700936,-0.9202397270150219,1.0017053398385303,-1.1262508680699217,-1.5433174641358731,-1.1993172935166034,1.4919596067506173,0.272785444497834,1.237281356513871,-1.013003854266114,0.7257247976807634,-0.34143809616578263,1.4773644306167504,-0.5171048204404779,-0.33641944860777245,-0.0798173354344705,-0.6462251372993585,1.0367382782055707,1.4641900799304715,0.7802700426806607,-0.8071508525414925,-0.17726483110185445,2.112952700064837,-0.309526972226853,0.4503471084027327,0.7532248700405463,1.5866704106044338,-0.7439725466995124,-0.6743690356335379,-0.7954668273061413,-0.744370732668204,0.276517936330389,-0.8003801122653706,0.16707952702766768,0.04585615810936027,0.8340448352726952,-2.1001592827072035,0.19279961030268886,-1.3963611346171914,-0.5443685952338732,0.8382674663792463,-0.9958740980905898,0.963697734671952,0.24437921072229032,-1.0994672055628298,0.7749622306619807,0.523958144798262,0.9336271140599749,0.6409040271308963,-2.674685944849038,-0.7926017177864619,-0.19064198335801427,-1.7496957625996774,-0.3838015524322447,-1.4375631967731137,-0.17168674872669348,0.174211197475871,-1.3404685645610244,-1.1594325592219166,-0.10970925409064106,-1.3947354797856224,1.4278583930329336,1.0872980367954777,0.2153733435509096,1.0951520644159587,0.5671351551010292,2.180126053078326,0.13728869733317398,0.25930260412177375,-0.24526608040166614,1.3598747940656284,-0.7924014283611107,0.13235193836206524,0.9373945198243975,-0.7175698369623545,-0.7014791654352475,-0.012016167015673094,-0.4078705697033356,1.1075121263463574,-0.4380028841498313,1.3431608025106763,0.2768964882380435,1.2669775222462294,-0.7830118955675115,1.1353241800348521,-0.6884747650259943,-0.3993066842380377,-0.37411555727327467,0.01408158189508627,-1.2655181123750716,-0.636648262408106,-0.6335225689630608,1.23736546934817,-2.069881698838868,0.3923459154108019,-1.5533703524683267,0.060465139141805166,-0.9995331981107619,-0.08607753243273239,-1.0232129285938703,-0.406259115243728,-0.5933491778566027,-0.3609244807863279,-0.28009490874668114,0.6252102151158052,0.23658188971832184,-1.3762254066842636,-0.7448668934909528,-0.2911138228397699,0.5009606148365542,-0.07812577675867535,-0.17702463520622144,1.3378299504530087,0.21872030498788106,-1.2635116884868252,0.9756556452533656,0.4121279817678071,-0.5265395543135732,-0.7443143410652071,-0.36698729933019514,1.008718187103027,3.1632196360723044,0.16535818858329973,-0.2113050806274633,0.3968588653226159,0.45098921475871545,-1.4829456922736297,-1.5691676990003003,-0.4606466625466697,0.8175940422920479,-0.9922867304014049,-0.14336173717002784,0.3935700455489476,0.3544974224847555,-1.3658662407028532,-1.1002501375638725,0.4456971236032436,0.7689875980829799,-0.6316897568089773,-1.0811419774764945,0.4182304275463944,0.6104774264206413,0.11633877520712298,0.2997675121443637,-0.19598249133667972,-2.2188666613155803,-2.1905128526711795,-0.4648174041509813,-0.014205336310174765,-0.4859514525104408,-1.1341871378633648,0.9403073049854406,0.75273582285819,0.2312330254076392,2.3761682713665007,0.5244053164764783,0.7213537962746868,0.9714321035209794,0.041079629260304666,-0.45051992506415955,-0.6416617497836501,0.9136308153237314,-1.5418792846521154,-1.5702324691244838,-0.01833692747657534,-0.6153127512476056,-0.7883805252885772,0.3063934280655328,-0.14123619472948884,0.81370062979485,-0.2539191979853519,-1.5668585573488107,-0.3879966875571899,-0.6081875887348781,0.819236787329288,0.19468042639199706,-1.1595637544842532,0.051569150510708185,0.5913073475964601,-0.5807355946716046,-0.32225069223993946,2.3770351708453727,2.8622854355006497,-0.46203974800529696,-0.2523529765229473,-1.5781329147990577,-1.0614561951443384,0.03722664864804479,0.31047707114835416,-0.15203602220129456,-1.9427390530564332,-1.4417300305581455,0.31621843635498975,-0.2751512424484604,-0.7943751733884008,-1.207195655905473,1.48728362837113,-1.2791581578077724,0.9274812646593312,0.6008768690982317,0.42672149796486725,1.091323179969198,0.8756129674385091,0.7769479001652337,0.3153365276632768,0.4683708954782935,-0.6123796244766472,1.206678741192232,-0.17205868228499846,-2.3350323740748236,0.1188670000797403,-1.3987899026246533,1.0084560651464154,0.271718044489917,-0.44384404262629784,0.4938821463790172,-0.9283084435905863,-0.23874297994637486,-1.062055442497601,0.013386556196199632,0.49863479766826185,-2.129732202260084,0.09743655371661897,0.5545917583534957,1.5394619962433798,0.22439744782900245,-0.2264021197518978,1.5433596573105226,0.2766071390344292,0.04656434754445742,0.32164565510644955,-0.38012110357500006,1.133488639530999,-0.17834371354567205,0.2604328408730511,-0.18806332604075096,-1.8939785193211507,-0.8402875887509357,-0.17691788025836153,-0.7254752278411154,0.09627185808187443,-0.8277820022626883,-0.34999244564228177,0.020564947707202165,0.3001942567039255,-0.9476248776492485,-0.22480101201101022,-1.2530796006314235,-1.2474172680250604,0.4829319829518298,-0.822136719992137,-0.11167765432661018,-1.7284905522096665,0.7114367573454026,-0.8215989701653718,-0.12431108464329697,2.2982027841867847,0.009146917807753112,0.8316134328854183,-0.11880033131036347,-0.38516367376818994,-1.6122877173895012,-1.0439610914613593,-3.4879434415154624,-0.5994387496325605,0.6369544269840515,-1.7010303859356175,-0.38692058908381405,0.11502734309036657,0.4101904502502389,0.7446362405677344,-0.07425016065235791,0.46671454654547617,-1.3159536221784456,-1.471533338476676,1.631686154389863,0.7042820580067128,0.4642342879771418,0.011155110956266805,-0.09192656783328214,0.1311483874336975,0.8871818873963886,-2.3792321100862694,-0.4118939309917601,-1.3608703920818936,0.7052176327822578,1.4771702229642492,0.9608969430574977,0.10027708921567383,0.6281447680916445,0.6601329931096762,0.44350425132570476,-0.7039873768177455,-0.4833497567378802,-2.2843411515883743,0.6746318829009957,0.021697644799784966,0.17951022866118832,0.7337341928448887,-1.1384269378016714,0.8714012887320542,0.8216271311755657,-1.3872118613186089,0.6958945365323251,1.895239384652044,1.2118109200249483,0.7357617740344078,0.1775189500190685,-0.09387724589147478,0.1396554757101347,1.5357560750047183,-1.550928802590367,-1.2473564635700827,-1.6426626621282312,-0.3807612927288612,-1.8345992740409252,-0.49613103553466703,0.10299227654450939,-0.2621930784507732,2.401612269882797,0.21250215362151204,-2.1167494371039393,3.1576295036654014,-0.13612425058207583,-0.2600681270001089,0.7149353310321619,0.47868842707300147,1.5012833114560156,-0.5176290571911168,0.10206397150105237,-0.024344492185346494,-0.3848819554973287,0.5230719866164433,2.262504981670622,-0.06310503937489134,0.9125680733692528,1.1855862915878819,-0.8415733231665442,-0.673354316188635,2.8492870207455376,2.7711850081968663,-0.0678795091010981,-1.7095264537955568,0.6577615926677327,1.229490551584614,2.5457030454882483,1.1562489645859515,-0.7993096616956855,0.1831299353472352,0.32786719871095793,1.4984700007656655,2.1321365343176573,-1.403300131363992,-0.47065528969306686,1.3147328032520689,0.18407394794208662,0.6685464091077695,1.1917885204908767,0.13222099667635528,-1.1280663752741258,1.7423458237276825,-0.4477895655930142,0.30006815461303604,-0.39400061370064077,-1.0677986057729758,-0.8477793798567834,1.9732528801494789,-1.0883001201806215,-0.395093183156897,1.2544723043457775,0.1265978920750741,0.7248551526287643,0.6168383167557332,-0.11343053166301266,1.7562301118688222,-0.7738706766345929,1.1509058140015056,-0.7377530256828844,1.611041748573234,0.3155778483916221,0.3392664911946905,0.28837014356642054,-0.031668624160523476,-1.9553507584567664,0.6693910592526098,-0.1865334096885587,0.010451243161984144,-1.5899534813286311,-1.3115504313580344,0.1925390128571064,0.3604824168494928,2.7276794586166773,0.1834737957562785,-0.7880998270930731,-0.3763891877612422,-0.14037942953102142,0.2724299264563637,-0.9822912572397047,-1.1738206931295347,1.4649384825184686,-0.19560403600398962,-0.6393058660431025,-0.5398773736293065,0.6951478913243763,-0.058552177865678595,-0.4498432799663326,-0.049627945627482566,-1.4426397195522898,-0.0516617096351045,-1.6568472772014782,1.273694283993212,-0.8708050858518616,1.5122366718080245,-0.4950682172231749,-1.220979893743929,-0.49061500985595036,0.29448667436722675,0.7117551994407554,-1.1962797910562781,-0.8306027038694257,2.3566225885162093,1.029749144222546,-0.06620514635151994,1.2118995635455299,-0.37275762704325743,-1.7525454991524354,-1.436660960301404,-0.5220986212275195,-1.1585859144485664,-0.5851207678980805,-1.2496943564233496,1.2210864213614,1.8296827627135859,2.34434188572346,0.582428556491279,1.6353014567698865,-1.0275168789884843,0.5568928573565176,-0.9540628893063035,-1.4451131114498192,0.031551923784505005,-1.4152854589128547,0.7089755202826705,-0.17051416831482388,-1.5838891145075846,0.495880699506141,-0.7378880675235835,1.5256376693669327,-0.33347725217413043,1.6636333018131373,-0.31382558499853547,-2.9327645527759225,1.1942991760759307,-0.5822838527082268,0.4793749755530523,-0.9433713033857447,-0.6564167319307744,-0.4782515292174635,0.035465093363665545,-0.016083883499299415,-0.6853709545783178,1.0407482595848003,-0.284317706275115,1.4478160866349497,-0.1850525962968964,-2.2228417785552956,1.43884963046108,-1.2992547631294595,0.3636638101169259,-0.31584862166303046,-1.3396176703557998,1.4789239026094876,0.48372826070946884,0.5105281870202686,-0.092243655383076,-0.3613457285116573,0.7043579448319538,1.7577484606467264,0.4349839772290627,-0.906586507830704,0.5968546272997817,0.22134643374766816,0.43529111130280784,-0.17500314701421935,-0.4510894524706535,-1.3735559654438019,-0.6549741773512455,0.15597132926195462,-0.19425224298175037,2.3718844521856197,0.5353653446000401,-0.06565242425942801,0.23855429959969865,-1.4914085963384287,1.5952263335153982,0.03687035718663892,-0.1901426140525711,-0.5191936235527375,0.08037957471174195,-0.0017327742077736616,1.6952824673150368,-0.2764336377259815,-0.5714829819713919,0.6092959365525261,0.31944415972788137,0.13908132531633835,1.1028586581018653,-1.1209478179028114,-0.4030998380709637,0.14603797421045703,-3.305301436230054,0.9137196517348105,0.40792839043730766,-0.5193561301445849,2.189212895762772,1.0185114550799594,0.19855138343572165,0.6503809861180088,-0.0015523759203821556,1.0933846386764505,-0.5873751017817149,-2.1712830586669214,1.3368174311139123,-0.3663442746844357,-0.6430070963943445,0.027115000574819415,-0.02466759095410686,0.2348474734906607,0.46599232599625023,0.6414517368029855,-0.7132538368357726,0.543459437099725,0.2183688626043876,0.15319966758429096,-0.7376738516436318,0.7896967727008645,0.3433065186484439,1.620871932241621,-1.016187754342512,1.34798207569984,0.6002818038616409,-0.23577269588176195,0.10064831063688666,-0.5526995020016547,-0.2430064226462628,-0.45516975772498686,-0.9485662300665737,-0.7056631041154655,-0.5651024941650193,-0.27333729733056294,-0.32872103593073987,1.8512469605913422,-0.8870390031832405,0.23984039226463774,0.13153099365434406,-2.3957971033501364,0.04272055612502863,-2.46138810433322,-0.6814798668040949,0.05799243007669456,0.8690400980817754,0.3468567494499365,1.3792559338372616,0.6202538219460542,-1.6408156333043387,-0.6334311145526164,0.31029551769813946,0.2249562877998162,0.4560090696241584,2.0174896810955083,-2.0805144335730326,-0.770208476769428,0.3813829924643863,0.34974809673446944,-0.5320692906545417,-1.255726459468146,0.2367656925880094,0.17437898679955544,-0.022579412663682127,0.6993121023841935,1.6165957057118672,-1.8839963084309075,1.3283230017989036,-0.502826571869566,0.7901687779754331,0.5337057754313511,-0.6970714166883676,0.973115001758145,1.4955400957485085,-0.6174074085086505,-0.6572238829076046,0.6281622820220478,-0.9971358397029338,0.6706394846370566,-0.9710854754683482,-1.3117619024001363,-1.8685217968149794,0.8972732531446219,-0.6459203065399842,-1.4990145615946986,-1.7787236824471766,-0.13804170778192962,-0.6714205110619063,0.6779709549631314,1.7300286375982803,-0.3741188251402178,0.1419233015053495,-1.397750064058455,-0.8062700176501035,-2.3727462238501937,-0.20052092739240807,1.5078152289396862,1.8361396938815602,2.697765322634404,-2.4573435929646346,0.163064251110838,-1.4200620463113358,2.0161642257267163,0.5078514037407219,0.1389125411943459,0.8342911749282389,0.7286514697645267,1.0460017867439635,-1.8824584342330954,-0.8816130737378394,-1.0455720894962608,2.3710364977789573,0.7289159816011236,-1.7460836105311273,-0.671206828616986,0.4940478658597496,-0.16522472685317235,-0.12438682230181222,-1.4566301985139545,1.1495479479257769,-0.9399869982514386,-1.6402065842393108,-1.3500534529703878,-0.600917480864274,1.2264472810527565,-0.9731718094024682,-0.5888767708637005,0.3231231732300371,0.09193374009885573,0.8997561972459358,0.2653147814630818,1.0034424464459795,-0.30364438642303726,0.24483912650594258,0.45275360970660217,0.9889271253458375,0.19571513528712667,0.31563571250499584,-0.36122822836778556,-0.7168339177108717,-0.42387725380484675,0.5278198736012156,-0.6665785879768736,-0.4088197870226042,-1.8663038854693237,0.2376536441296102,1.2981346915637177,1.4534840921499887,0.5798320341769501,-0.04258207883940311,2.1641043447909176,0.8528653973892857,0.6947849088675939,-1.047115353516368,-0.39081249823561065,-2.0986075782647857,-1.64639790805481,0.09492607009358581,0.7259524873564546,-0.2168759538802489,-0.8169356671980929,-0.8691598314151647,0.05099066530755569,1.2405109960856868,0.4809323374298542,-0.09436539588035178,-1.4053262972446403,0.05572694243153827,0.6580392296974873,1.1569160946751178,0.20001217262568924,-0.860485270733689,0.14848588927103046,2.709658903976195,0.170146126053067,-0.39436699854966634,0.8933613679528715,-0.5283117144189872,-2.310861022182231,-2.8069951086408382,-0.6206046793712584,-1.7900478586411148,-0.5099287434634286,0.2732239426161434,-0.6452202242892866,0.9537503103496364,-0.7907237443284743,0.03311593889604147,1.5563516941513404,1.2207044888076877,-0.07892585182857312,0.3218293934488627,-0.6017668043085241,1.0041955716611164,-0.19518124347089832,-0.521286000761554,0.17747443798518536,-0.13908496578924845,-1.0613558249309119,-1.383661647074705,-0.7092696301669887,-0.16073922436622934,0.4526158175722607,0.6680088501749613,-0.397824339641365,1.1998911134822787,-1.032558432984976,1.0192543379954364,1.0253961794922535,0.4848636624943044,0.0595891359160753,-0.024272932939772295,0.8784802980638837,-0.6105479264501367,-0.08981567006064592,1.1117969653413484,1.334051002585844,1.0074032427947537,-1.6137106650096602,0.6942666418118634,2.1681255365202485,1.1540092792909538,-0.053071790211426176,-0.8243953305099108,-1.4431824734189276,-0.47579100971588284,-0.438146937023593,-1.338783236506695,-0.06820356419735515,0.468538937272329,0.9084340464968071,-0.5905310700520826,0.375077270281561,-1.1259882480826737,-0.7075858562708139,-0.058224535315817276,-2.29023081911651,0.8180393863929853,-1.141626880939469,-0.7519182043703042,-0.12863593635120654,1.476391661577548,1.6232111885743352,-1.4193239277591163,0.29062314390460053,-0.5893373169812298,-0.3030006596855937,-1.158136495147272,2.0806033345748527,1.1414424926015803,-1.32392129674454,0.554371241799061,1.0658499349733603,1.6137504868563826,-1.1308568860433843,1.254707127850385,-0.4858746879471472,0.5340098606168523,0.2092183765944129,-1.040584638125176,1.6691303881429465,-1.1981209785439542,0.07232697196941325,-1.784669186046081,-0.7095607420699154,-1.2873637779292344,-0.5536595770267849,0.03859380570926717,0.09009714909736767,-0.09765028204990531,-0.36190320970502815,0.20145072170265996,-0.9461829363180179,-0.8865145178382474,1.40588177613205,1.715311821376797,1.0492123089304368,0.8373174475174462,0.4282019859694003,0.7592461554382163,0.7701409736540672,0.11677645637812994,-0.5253588277898847,0.40317041268331827,-0.2603376361688613,-0.7175599621914478,1.0353433069007327,0.48547265190495636,0.10133670080711706,0.6995014755534581,-1.1700794205971543,-1.025429351858998,-0.3578265663893023,-1.1355626539725132,-0.3355538984755709,0.1766311289630855,-0.012433954446636662,-1.285982092979894,1.7764751113677666,0.8993132949114212,0.22651224838257994,-0.22760158470826558,-0.12082765408296187,0.9546598358475636,-1.0220973571675993,-0.4536216042830237,-0.8823315914131471,-1.1227655766998232,0.01801999582159873,-1.4921209039130237,1.2794864750383088,0.33052635440205563,-0.07252562638100737,1.4087191377306636,1.5614801678359156,1.3272260888428782,2.4229804247228426,-0.04403215287206293,0.6403401540007915,-1.2727075558718242,-0.6188155160094421,-1.163115309950926,0.8425182233852753,0.039609956258697634,0.264145392011763,-0.40951346389529353,0.6880307864410109,-1.4481265403594716,1.9724843021229483,-0.25997852038614855,-0.020627688153672837,0.4046056496595993,-0.4592799000885846,0.10105645080710966,-0.38894896604358625,-0.16123323880746437,0.6869235253376367,0.9843183765761309,1.4415944251380672,-0.020824154181674676,-1.7114621314848257,0.14761617435777957,0.08998365997959522,0.75577388380379,0.2852909452256494,1.2637767190477593,-1.048809013423068
-0.8348210333669647,1.2563994219612604,0.943198549094892,-2.0614904985303326,-0.8742087554032779,0.9911286634301775,0.7562416232743523,-0.6139534585538656,0.1306484329703412,0.4912991815810875,-2.1827648298249143,-0.2977453581163572,-0.5059388124040043,0.5394805910683833,1.01775904158484,-0.005436554119723224,1.681693051858435,-0.984935667944068,0.27397158500244784,-0.14949355139414916,-0.06816987509450326,-1.049917575819749,0.4196934386231491,-0.4905529493127563,0.14097218411334436,-1.5518559259482925,-0.6136004270754452,-0.7180760919665947,-0.8323068539085963,0.3764610359910865,-0.3903614287064961,-0.8997728599071189,-0.19590753397120664,-0.05730739999115164,-0.06941682948396612,1.6818815022326201,1.587414688245985,-1.0049114878134857,1.0000787490514116,-0.018821026644977812,-1.690248421010775,1.3828968590515984,0.05141176804820423,-0.4310100348470396,0.08129987576580629,0.38085606561605595,-0.3791060230853876,0.10478902324978583,-0.6687593712038192,0.05865170994979787,1.8937494695561603,-1.3864202399513605,1.5685137076575784,0.7622917390160866,1.0308615638498755,-0.15328281252316217,-0.5219969545105665,-0.2233443339367649,-1.3824023842309365,-0.5894743986734733,-0.8932310132496578,0.27288448688730277,0.35033277475620767,-1.8466113721521367,-0.3258213003759075,0.5003816239252438,-0.42987631723973085,0.10516064501013254,0.738339287871961,-0.20304628052516163,-0.08168986853111397,0.5072999357702569,-0.7283153803500833,-0.5525023664955224,0.40307224045157514,0.8556831518305612,0.4237176326916724,-1.2367088047970576,1.4828435163692235,-0.03293342940355833,-1.3382151604490218,-0.1949818719611759,0.5861551734666754,0.9491159315861678,0.9827700328372564,-0.56528010971899,-0.706926677542373,-1.3601757745954235,1.5492745759214677,2.0190759220193595,0.9492667307856296,0.011134377490226303,-0.15307235697494526,0.5862716993968392,0.07963492251341876,0.5503275064248782,0.8745897121248404,1.3804451924237293,0.034927117051064244,-1.1904245364907047,-0.4843294068273326,0.9983672167827893,-0.8630641620973964,1.8417902915581434,1.555702409008582,-0.8621002802142116,1.0716171048730183,-0.0900990966513111,-1.9605284929376898,-0.6208792383696277,-2.2674979891350002,-0.6200058187507427,1.4528756829721832,-0.01889017733606652,1.2924574851629542,-0.19043301306604343,-0.9893493419661951,-0.26890890985796756,1.2801438457170662,-0.5296778937371373,-0.5847827317830147,0.03800794533223321,-1.1749608345651432,-1.593494524257539,0.4081942183490124,0.2254029775614549,-0.3080924619012231,-0.9337214493884578,-0.9188073137572594,0.7620950728493656,-1.0835086802845642,-0.49956287091895646,-1.6587506814597641,-2.3448408405956003,0.12231423680831796,1.8673954691697803,0.2873747770962228,-2.474159315002531,-1.8311940863623617,0.683259788663615,2.1096164925234753,-0.6994941851779878,-0.47508541620780737,0.07918469145751776,-0.4144651035242185,0.21445677728090395,0.43918977217050365,-0.8555234455846618,-1.1326583598626572,0.12104958447878288,0.08473720528914352,0.013376057080732195,-0.6260913127240959,-0.8725851264341747,-0.5103320230183409,-0.5466847494205526,-0.15690565708769713,0.5700143118815524,-0.04358860727177165,0.15483756477532518,0.9213509070231457,-0.9772868650597337,0.09850773502230802,1.0641887512353942,-0.8307464272036885,-1.4571743697279556,0.726324594258755,-1.21076203271893,-0.9503488905667966,-1.1342081615828046,0.24032730043761474,0.8181919920861523,-0.5391387344094464,0.26692204687982335,-3.039972584171549,0.2377345139687071,-1.2697567203340776,-0.8806902388268392,-0.12275929369359098,-0.6926881234835491,2.086603881619051,-0.6886127884474853,-0.2252399954505351,1.177467820640789,-0.46357998164090414,0.4971912419499478,0.27570094098199815,-0.4442724225907028,0.04598214413645774,-1.115557955276928,-1.6499029056085928,0.5464468826307742,-0.2793189305406412,0.5876445199285819,-0.39446099066795387,0.18828133093747748,-0.5255810794345654,-0.8453670092323112,-1.0548474749888712,0.38547104631531465,1.6910146439191505,-0.6777030168226835,1.676281190824679,0.958361268169263,0.14128043746301727,0.5429204606441919,0.2613609646295296,0.2884004324886025,-0.8310218431000378,-0.42361732359808885,0.03665005792253465,1.2048901638130691,-0.5091385268702794,-0.030628095855940982,1.2389129992605943,-0.3966455629481988,0.13091252830898015,1.0969116539584172,0.16472673313154515,-0.2958603166932273,1.1036740905448612,-0.6649039098574673,0.04003602931246988,0.5881868697412778,0.31088967012544033,-0.11752591755437931,0.8793125095375736,-0.03492080393163176,0.4171774044188693,1.0352218458978888,0.06750392510382398,-0.8800682419082392,-0.888185802389715,-1.1398161359355503,1.6492880785408937,0.5833884756515106,-0.7943861686001846,-2.276727539805865,-0.21006958626415723,1.0603224329417653,-0.1017725277154086,-1.5476264681979288,-0.3271598401313577,-0.2707556377825706,0.17770554251963572,-1.4845243293521015,-0.1925421257366588,0.8860773991022569,-1.2694517275230635,0.14909580193085537,1.4503924983825194,-0.5209193440138937,-0.2702831980424108,0.5464676646887427,-0.5692528062710217,-1.2144447764995578,-0.8905777051976286,-0.40648656370983266,-0.09555934157098324,0.48106136999588633,0.4514157498709073,0.28566579828098615,0.42038241771015894,0.2760209478950867,0.678196723617006,-2.0272136463803934,-1.6068776514770036,-0.6813910774735381,-1.5514634416740347,0.029448469720751942,-1.7694403347037297,0.6289076011062634,-1.1504154624678893,1.4662869674951189,0.4362294168343601,1.6110215121257283,0.26952106137785664,-1.341780350609282,0.0066453307599973485,1.9878416794517402,-0.41904661117812575,0.9416095246940567,-2.3817439889538057,-0.975680467209244,0.10421029943723739,-0.3133391171022088,0.41922697633846995,1.1117751496504518,0.13361104058800974,-0.20923663960117445,0.02264092781031927,0.21789037341017928,1.806968996474679,0.2397791517330507,-1.2541425319600208,1.1795995122182625,0.35585275619373674,-1.053480410141074,0.28019870098479244,-0.08908320861409617,-0.9195259875876912,-3.1032354465625596,-0.09673433489349162,-0.8602213659125029,-1.0171115210314248,0.004271858571710004,0.5318036909116619,0.9944025629567596,-0.711106317409753,0.04665565672884614,-0.6242536448986987,-1.0636445539010004,1.6833851493302108,0.3365789878536967,-0.5527150165825091,0.732852130714998,-1.1270902094722517,0.057993796513636654,0.6488760862631016,1.892888474196592,1.6233344067006252,-0.09224693737158829,-0.3761455725160183,-2.5422286851041958,-0.22711428814825319,-1.097163512100624,-0.2531882393081272,-1.3635053677845161,-1.9590770587747244,0.518057134871935,0.03943532807097626,-0.48595756830204806,0.7799263293028074,0.644367172728877,1.3777667065738006,0.21474782836742953,0.24243495200767837,0.17575074431132862,1.167141400672048,1.8791884502026763,1.0993038175313727,1.2554708217479613,0.27838300652209536,-1.082257821786289,0.10732503697420166,1.6219300506790757,-0.5660838455294211,-1.3768477827848686,0.5033522766597776,-1.4277953201116367,1.629640249335208,0.8416280600349145,-0.4868674561540523,-0.9198375244824841,-1.5534722227392266,-0.3733466582722295,0.15705700377887782,-0.24180257879524888,-1.3799200613380596,-2.8849129492387093,0.5752868789107853,0.720323668499405,0.765586194588453,-0.29850179900021795,-0.21862615456304704,1.0166333742940021,-0.4965933984995729,2.068491923087469,1.4788696050884618,-0.1032830638616975,0.8152455244224087,-0.09238673072433608,-1.143283524645492,0.6633695186670769,-2.6862278371929342,0.16777152237894516,1.0109953341509577,-0.6666547305411578,-0.068942663093133,-0.25967537538367935,-0.07959311259362278,-1.4644707995073285,1.456298536599295,-0.706931167922943,-0.5355180628004016,-1.1846566823807423,-0.6152433692083942,-1.2003518224783374,-0.016587914093524288,-0.26303754038473576,-1.7851735226658338,0.6943213858722386,-0.4647145887906552,-1.592386530742518,1.9161312798564756,0.290874085229485,0.007955287564687117,0.6413736737839743,-0.46516719164941395,-0.35441663961845593,-1.5633798563133763,-1.354673321005372,0.09486120684710789,1.535482110749187,-0.18028722761554278,-0.04255989787838019,0.3205587473481348,-0.1999566219001699,1.076242421357307,0.25175422008722326,1.0313886673739352,-1.8029206751795017,-1.4410554902806745,-0.7935729156545186,0.5190650141136199,1.970099032004452,-0.28642848298512225,0.7332381712972895,0.7709853169283619,2.7792419443977523,-1.2689182307976252,-0.30129189076917284,-0.24246960891143923,2.0017908485136586,1.3936807722521865,-0.48581711263726424,0.4701424693819789,-0.9124272730313379,0.4719774001779945,0.41643453279176174,-0.4053878950385005,-0.09634671257324498,-3.00171438002237,-1.2987569008236668,-0.5795858419255144,-0.8886764936910566,0.954572933060672,-2.510910723280554,0.6092449614883579,0.5054424701026009,-1.067956491573658,1.1458608908074377,0.523812451242789,0.03689248158455845,-0.3024545847012675,-0.5826227509763241,0.5889231818504232,1.2039199417456017,1.5944215532124224,-1.4862183408800498,-1.619790411431549,-0.8753270072093282,0.3378477487681541,0.0009966301063803094,-0.6772253617624842,-0.21982821273204875,-3.045079660672779,1.2460131022288257,1.176239674673114,-0.7602398836185887,1.3588722066615195,0.48386783747255047,-0.39284692326569126,0.5242095819368007,0.5407269559176865,0.972955736372821,-0.3821348588046349,-0.7661897715325792,0.09557603661270725,1.1835877665911365,1.1765237440594,1.3925032213166144,-1.4074000713154189,1.1948200248506544,1.489828304240744,0.4750613795970426,0.08700248300697994,2.594681775377924,2.8435770272191467,-0.21840047439711624,-1.0460220041763997,0.026151687918857573,2.473021184120874,0.9234121060354308,1.2553492438421001,-0.2533337222245283,0.7427028226037989,0.7376335740542809,1.1976435804161516,-0.7039736669243369,-1.1293318934231036,0.8494905435376882,0.32813188151828104,-0.9858126665008113,0.2464747821928283,0.7001266059404833,-0.17331840914438487,-1.0913305253600714,0.7628247421036555,-0.23142035348501291,-0.2746842793740745,-0.6967723813008533,-1.5534408853748154,-0.35503840841051165,1.9316860019071684,1.444634636882154,-0.276968325564329,0.4641097908147947,1.2625931140626767,0.8764943194182793,-0.971934034302987,-0.18409474957438704,2.2992308683033893,-1.1074726148065686,1.5153522318720931,-0.9207490780156358,0.3482571488489869,0.8582867688913753,-0.0013526082378801344,0.13554376297247345,-0.121703270443093,0.37534362286710254,1.5546166882926542,1.0618877631451915,1.3118538486320557,-0.36477348607787574,0.6829056941419253,0.18975110895105268,0.23671415084723912,1.9865868133374092,1.1197924712658234,-0.012811809828847626,0.9205609074151956,-0.0026391592187669324,0.5369174321915157,0.5346754043476313,-0.8587220054890708,1.033817457981275,0.5551954363350203,-1.0957417226143122,-0.9860839265782576,0.8478492452541238,-0.9199949492500341,-1.0484077948772565,0.5641237853417517,-0.16255171519241723,0.8191645175513317,0.4757703701849218,0.26378202730021866,-0.4756588656397817,1.1960677800649764,-0.7366233717276305,-1.1142455378356875,-0.5639416133583683,1.0558861842786007,0.415407375143581,-0.14355525459733273,-0.4456221657345787,0.6134117657168755,1.3772285962616388,0.205661807995157,0.5053027857738058,0.7018884603975354,-1.2039142583000821,-0.9539351186797873,-0.31187086412308873,-1.1548827675324282,0.7674330596495635,-1.352821097078944,1.0262178204387924,0.8132732139234785,1.3567370767553333,-0.2518654642854696,-0.8956883570665246,1.060837528420283,1.1665810222610706,-0.435147274095774,-0.33283066537554223,-1.2675999711314319,-0.447726374163666,1.6729308524821047,0.679766691215717,-1.090651123600618,0.36284416367594924,0.45779292459794974,0.6930373451087226,0.5418486638271468,0.880747463665194,-0.10691064567677862,-1.7687704480091417,1.1510802817498011,-0.3830965218267487,-0.2433656992201236,-0.36141083219485204,1.243243759304409,-1.4684734085408022,1.4948453933669255,1.8195292775766587,-0.9610707463251259,-0.04453471175039008,-1.4776255211733096,0.168753055086429,-0.4038780656654512,0.2850273818975439,1.8735568390727175,-1.4823712299589287,1.0134170427807452,-0.08901338747888465,-0.3928071294396848,0.945722775530621,0.38469185467722466,0.15295820012097788,-0.4497881676873141,0.06876275798156258,0.9598708593276237,0.7621786320004227,-0.4794819567266857,-0.572746597506665,1.044818953225527,1.6988281204757445,0.7671002808337347,1.548719880717783,0.6263497764447734,-0.01774209741545445,1.133563532109001,-0.7853443556477014,0.06314382925677031,-0.07721632811396863,0.6433688729497139,-0.7202234473259795,0.21940963403236635,-1.1199439614351574,-0.1960541347268329,-0.19655582287572823,-0.6872233740322284,-0.8838186765430928,0.40008412687934564,-0.2631250665823555,1.1974363968919148,-0.8312511538695431,-1.1970139918704006,1.3108681896430505,-1.1284781302753373,-0.02534504556332456,3.2201115005265426,-0.16397815510726388,-0.8866114142299971,0.9049280117821621,-2.4970906539059485,0.05420756769575001,-0.9619047512816562,-1.0986497702068831,1.9401614357382182,1.0854482395813165,0.09050337454952428,0.25338190632577084,-0.9263103800559767,0.2647975461572943,0.6507141692945685,-0.8072337463853952,0.6327374814959175,0.4654653695237965,-0.5309580787977006,1.705174693752434,0.8894674232092975,-0.17276462910657986,1.4508305059959512,-0.4554316604662983,-0.039747070219039594,0.225299218466789,0.2624820392350395,-0.15484512629598138,0.4729412767738298,-0.5672164361985754,1.3324047715365785,0.23472833269216112,0.626023722287711,0.15680071110687743,-0.04566590927205395,0.057811699313025475,-0.03064199553402972,-0.9590941538142216,0.6114752592469713,-0.17493958239122717,-1.8056928807835846,0.0997816903578694,1.3117485673936513,-1.5891155526493963,-0.014186367098311236,0.8475661310830485,0.5953479727187888,0.6561081929492627,0.4151646372200756,-1.620604561184227,0.3313525592982666,-2.4307696060019808,0.15602196422630135,-0.6558696296098396,-0.26464862893070806,-0.10963109838832877,0.18085816146748948,0.4807966272103236,-1.1675994327305474,0.06710191025088538,-1.6468906936916043,0.05068172711297578,0.4079882296176734,1.9246733479583789,-0.5939638403563862,0.004988864794784017,0.4654878996992988,1.6713534832864883,-0.1497119416895512,-1.481273639093263,0.7852472095275852,-0.34638064080766434,-0.9209575343771993,0.4363445321650194,1.8698484912986661,-2.158112253618539,0.22210374546874592,-0.8671361228204835,1.1316598441576042,0.12246228028235538,-0.5159410480221645,0.05009329768947812,1.3894959209977344,0.36610005989420885,-0.09025018545266693,-1.1784730278918132,-1.173329573038289,-0.003286614914119151,-0.04810320684196392,0.4533430350675919,-1.1723154185938,-0.11946762657967375,-1.2730028792006032,0.6462461423342254,-0.6687306737186258,-1.0922640406401043,-1.1737881646917911,-0.09731481035912148,0.8602018154766545,0.7560647015776861,0.5939712221712713,0.013421829007604164,-0.8694340887561928,-0.9507196952960889,1.1118557797498858,0.7115480893451547,1.7113367820613017,-0.40881755028906314,-1.1739636033897722,-0.41449626054408223,-0.5364885544471564,3.1201328694100243,0.5109160139489899,0.09150432310307204,1.9694475850899653,2.1223051302316014,1.4301255674285325,-1.7609171555369574,-0.3783006103556415,0.5194306955536682,0.6175848981683544,0.2320339346895745,-2.329870120386207,1.13886872860583,1.3173489091736574,-0.17548093744779708,0.730669601408933,-1.760168897890084,1.3213858047326457,-1.7393524281211368,-1.0377085777958268,-3.31080505055239,0.471185658892679,0.016990406849253858,0.9014420109611005,-0.947828006548964,0.19151397502677403,-0.18580390280282494,0.017790403849224933,0.06640658187952565,0.3574588780979834,-0.5951862984175573,1.0127181781668764,0.16477649708093392,0.240683251034213,0.09710588121100562,-0.2415213821683166,-0.17467356053230645,0.4307645662590483,-0.6734783145210338,-0.18673120157052883,-0.2519508132135501,0.5169857162155531,-0.4852828498246275,-0.2589508960892221,0.40574531956793913,-0.15542688288227727,0.27516343909187213,-1.7036245691704675,0.3841313162474474,1.8557361995569162,1.462878172036177,-0.46621036167892377,0.7482078255111141,-1.524585265839476,-0.2137824908937233,-1.4762485404284686,1.920659300115269,0.1751910492153758,-1.303070610652812,-0.7130100325589612,0.7042854963918053,0.6020879943536542,-1.4100553279519823,0.6249610763206935,-0.1343904730451421,0.8296147690329059,1.8903895454777981,-0.3793892074945972,0.24523987169749717,-1.2966149562067693,-0.9370731748762835,1.0484547672781002,-0.5200858450305265,0.6131614009057286,2.5577244246035633,0.2679760159875122,-1.0794235887314352,-2.0024242346530667,-0.6382854524259008,-0.839583595689531,-2.2179374979229647,-0.13222610840285154,-1.7798082543972606,2.8760576158147053,1.332365642103051,-0.6452496614533304,2.3003344686261324,0.5796717031109397,0.45371124088264314,-1.3893966256896344,-0.16248567969012268,-0.35847830325532887,-1.0032149949831461,-1.2160976562840975,-1.2236318437445288,-0.7884698695618668,-1.3441823159492046,-2.775420208078318,-1.017526998049815,1.1994773715856315,-0.26062801016758785,0.11306335631774282,-0.2135501334050813,-0.3259184546312587,-1.4802666540874099,0.5432608161266306,-0.26025837355086145,-0.3077577108063051,-0.2564635396227424,-0.784129556935184,0.8638170903274565,0.0010432602467509266,0.4788699289560423,0.9078278403509513,0.12907370392925482,-0.07849049318346499,-2.4087239925181967,0.21047135128699704,-0.018036374160760746,1.1183493938894369,0.2869209369403867,-1.1842330349212864,-0.9894084933808882,-0.834850227457049,0.11641842974097164,-0.30578480429947863,0.9214946627730427,0.8283580063513195,-0.425891416378292,-0.07023543520139294,-0.21843095700719026,0.7420844129190539,-0.039814075215607314,0.02077927156928256,-0.028246362467864387,-0.7154318521484678,-1.9923865978494966,-0.7199833764782018,0.30852093007740466,1.0068058312337909,-0.06145824651582833,-0.8139970576409409,0.7318443666888935,-0.6883674872037668,1.0007242675866534,-0.9109058595535809,-0.26582726655941397,-0.008586398305480475,-0.6348867207180986,0.020053165283121403,0.5792063810443356,1.7016093424478973,-1.3930758354379524,0.7289300541995923,0.6048541322172115,-0.1698430930441402,-0.8904972876410958,-0.6571870805008853,2.7603000579696375,-2.459647669178819,0.26608188639605024,-0.6532748115962077,-2.1785208416210513,-1.9175166654561129,-1.3797206323480797,-1.170862947569555,-0.04550067039072453,-0.2282887811719424,-0.08845265172262916,-0.11325712122117945,0.689298656822632,-1.914837397685636,1.288853668970705,0.9741274510722876,0.010053318602454498,-0.5203438618860827,1.3627770384916411,0.5423562284990704,0.7694716632915994,1.0563130424906302,-0.4438705985505536,1.21173845218301,0.24903412435750027,1.517285251741357,-0.3230740286184434,1.0899951016880634,0.4341985608854012,-0.190343543022588,-0.763232774771401,-1.1695346078328817,-0.4192352331848211,-0.1798510731715012,-1.2938161591126323,-0.7143845993392649,0.6322337995844273,0.42098754492728896,0.30370309203764057,0.5379228519686244,1.053826097657571,-0.4416148185983814,0.6014440065603985,1.0202765192776238,-0.80994669746015,2.0940404665752985,0.7047893712039758,-0.14878876168587674,1.4572465770463128,-0.10800701822343785,0.24044277009266557,-0.17015189293753896,-0.6148591807672517,1.2485149342583441,2.644611298203823,1.70852051170193,1.8210244354613094,0.15183679780415774,1.7927346463572866,-0.024755327380554623,-0.6292556190416477,-0.10262998396504071,1.0736023353732798,-0.20353514047386065,-0.3130168509632563,-0.6703972122945924,0.09822555163106557,-1.2400289723391127,-0.5160506535254162,0.996156018039973,0.667501489745142,-0.5337539527302663,-0.8642905859646222,-0.26935913636044706,0.876439045261088,-0.32411730201059147,-0.29039331228284043,-0.324343201490594,1.374873183141698,0.8633248665456591,-1.583092425134202,-0.9006163223965592,-0.8092411061559615,1.6332766647576127,0.9095996427631236,0.49003195304569064,-0.44255008952646574
-0.06339876238253021,0.8382614876339877,0.8580285976430636,-1.574754231036525,-0.7336384307667486,1.5103051280354751,1.4291064978575667,-0.9830040622715241,0.2378441069794661,0.7075104148216874,-2.3047447174346423,-1.2839410959806972,-1.3350160980447492,1.0313395104150858,1.6842132331817252,0.1147093755170227,1.4662806879875983,-1.4018991845530835,0.169422822691666,0.046518912628763905,0.09494256437746695,-0.7949732131251929,0.6075383311709274,-0.24861365423423784,0.45147371867594244,-1.0644708844920487,-0.9021410264666152,-0.7758830476862558,-0.6507994203614514,-1.314399076049857,0.13399621369676,-1.0734622567397103,-0.35657709045192565,0.03808628968716346,-0.12578330921265998,0.7687489376505262,0.8745009376225572,-1.217091284144038,1.4230051769671748,-0.09866425587703459,-1.5722298297858424,2.2154049823240123,0.2056833168872476,-0.11779264702994288,-0.05133071275359561,0.3665757241401416,0.5132295581002675,-0.618193265790779,-0.181310298867004,0.233923311451439,1.1312216515870506,-0.6378413507892609,1.810578614607781,0.5539483224246582,0.7954293297440045,-0.4903891361682648,-0.8102424175666556,-0.2612478158032384,-0.39694060746327775,-0.994339178282063,0.22790480308475253,0.15134851710252545,0.2755241939171868,-0.948727858612712,-0.7762220642546194,-0.12428950324381118,-0.23530886427618605,-0.7639025339298842,1.3774504884000647,-0.8074699606273054,-0.43011476147013344,-0.6151137356839689,-0.6391105802834528,0.22962393636217637,0.7753144825870814,1.022208760301854,0.8049191224748604,-1.5674416417711567,1.6814307158244481,0.12443978192446827,-1.9592018711986678,-0.8191521842298398,1.2132900788677765,1.3247049240116988,0.7659996011681476,-0.5231999037135854,-0.9427892835210253,-0.06803000699516477,0.9743985253475914,1.635936757702987,0.1717518323466133,-0.9836203467401592,-0.2327853892388485,0.470163558204399,-0.5376991456462268,0.6075718678737664,0.3501784251685902,1.3922218452178556,-0.9306946413440684,-1.2071598471387994,-0.6311571363910606,0.7990477048984472,-0.42129050965326365,1.98905468077228,1.6682121433650159,-1.0710175837322344,1.172489224361861,-1.072954351916955,-1.7906699331800295,-0.717094476767357,-1.7965364897724905,0.18063671708998433,0.9593507063981819,0.416233127836119,0.6405697856832108,-0.7145472024433371,-1.2744532691948884,1.0028986754164229,1.16612782321441,-0.3097538024103064,0.26197351085635046,-0.0043100994690697106,-1.0182893437255713,-0.19585841557992634,-0.31874078015139107,0.8259428962405075,0.4328766603064572,-0.4848175486132542,-0.7738056317020784,0.5732653543484088,-0.8937163653703677,-0.5532769358893194,-1.6166482080335447,-2.999068526983729,0.07478594485832289,1.9524221886895858,-0.13858595132235252,-2.5712738126279233,-1.216551678223787,0.6002710903691066,2.3905452241589513,-0.780027957355468,0.7539917470520152,-0.672786009044646,-0.34857495453623266,-0.028104083021151013,0.10684286010252335,-0.9590381100001484,-1.6941784639089692,-0.08594996624263171,0.5172687065604071,-0.07335390580958338,-0.39618498401767244,-1.5196313610334844,-0.5665423084975424,0.3180019484264991,0.1473718715408978,1.01863580863133,-0.39977359145558633,-0.13993387260560744,0.419725523090762,0.5929384149306153,-0.2451724874765773,0.2865073937024383,-1.0189050427054007,-2.2599866426788853,0.12891363289645383,-0.9102690106246226,-0.5024370924485545,-0.6646190056648036,-0.09556574862838461,0.3322940959252528,-0.6674987385495514,0.23922365371870905,-1.9643564463238639,-0.19512864161725205,-0.5066065989999524,-1.0324554149191956,-0.2103440132407145,-0.2768190317684197,2.105035266829956,-0.6493207230344693,-0.6297819868126994,0.9478909919674202,-0.038348473059776886,0.43798366287544527,0.004919799338428729,-0.40604328956159885,0.03692956713674747,-1.1772561620446809,-1.0893012514005964,1.2820570407998357,-1.2474865992364341,0.4795532969095066,0.06716352283131533,-0.06379709960655133,-0.4601845039355747,-0.7067032768256415,-0.5778396588127891,0.0383935216117823,1.8122319983964397,-0.5472601354409607,0.47823078104341293,1.3058681292046266,-0.48076212186507156,1.192766949965408,0.31829043172876087,0.38780107044213613,-0.8773184749924623,-1.5955191803444368,-0.2661953615112675,1.2552428605826003,0.39105121264016557,0.09995165468979288,1.798854164332839,0.46856009792976955,0.39548949915970527,0.8255519771911988,-0.6930849523931426,-0.8467189255871602,1.8120128616067777,-1.0206995352821278,0.43731060418223416,0.6640869378727186,0.5953528455996759,-1.0997728872358141,0.4722456331094457,-0.04846910446545737,-0.20585268213612687,1.3372936198475187,0.3217656059284096,-0.18994786865985366,0.14308349111786167,-0.30284634391659593,1.2611029688563697,0.5131928373093864,-1.1688468239626142,-1.5078650877235704,0.06923977867222765,1.4507599551718038,-0.3173242750185655,-0.9147486130520593,-0.05660955610584395,0.3133864018639982,0.2517996508921181,-1.1311217532179125,-0.3339982470100066,0.21371744160015158,-0.672949139113851,0.7719435705954004,0.4435180471724821,0.24363866857105265,0.710140174713925,1.2202458421708655,-0.2553863376471295,-1.497297917484957,-1.1649393261388405,-0.46693329349797336,-0.42562568893029223,0.15664758597853493,1.8563333338724222,0.2642026610953481,0.7136713792178837,0.2442533370046341,0.7738288455169027,-1.2401444626768119,-1.722520839673691,-0.7913952114643492,-0.8844041171572812,0.7280855698476201,-1.4812533251526674,0.2486519699895139,-0.8657305084596122,1.1387601293387197,-0.014782808298651662,1.7858741663806401,0.12655699218071428,-1.2251949289883293,-0.9120394160532598,2.5746014478002057,-0.9449324120464431,0.8478254199335447,-1.6811894232386309,-0.6936117918830339,-0.1645984687299595,0.4242362088493315,0.5754199923844319,1.305001898950325,0.21602896023171525,-0.8750103369857308,-0.25557326254915524,0.17528891782448425,2.3151564087657768,0.12372465927741394,-0.6565347711283879,1.568664224358647,0.3878923513018939,-1.0643639476218154,0.032294575851190825,-2.1969240002308896,-1.6660095040825342,-1.455766547022932,-0.73192459559407,-1.5396427202328273,-0.7904152463282119,0.8949606426494773,0.940309402650919,0.8914056080980676,-0.4350180995434096,0.20280958345144337,-0.7864814884780906,-1.6521676241430063,1.0860452461980452,0.3701506391427656,0.9484124747625219,1.2783956603621693,-1.1887371779727802,-0.5634799665699275,1.4134851764154202,1.3677251927926906,0.8023574350940151,0.43794820663681866,-0.6524169697776054,-1.9029480376160353,-1.005717371450369,-1.3473077282216295,0.39627871485878324,-0.8448867313001324,-1.2246785869397392,0.5694862501020435,0.5831848097113534,-0.35841567157955095,1.736434712717224,1.3772967064006978,0.8739102229209342,0.9733309831601747,-0.19732653430225255,0.8667999073558892,1.235845535445023,0.6885782552377023,1.3625734230444242,0.9264653123955425,0.21135536429277343,-0.012516646584056056,0.1978508868631844,0.9828670793218394,-0.5594891268937506,-0.739336611968877,0.20534165747053668,-1.1917845757213898,1.8807283448317171,1.1564274313886898,-0.2503239697323068,-1.3164888843257632,-1.2404805463316078,-0.9067072324966802,1.0755969390117257,-0.5583528303960791,-1.2365202358027105,-2.5928638964480633,0.06407986328985653,0.5285627226081951,0.42850481430038734,-1.0330551277525166,-1.390717479622502,1.1019152915887558,-1.0092827826959432,1.7116275403765544,1.4283767777410445,0.23308000818464933,0.6022935163226517,-0.21089491028215926,-1.1256012611806174,0.035982057704292233,-2.0642115893018196,0.9699462018261195,0.7382347431828582,-0.6082897135933804,-0.3997109916545116,-0.24812820400079963,0.09439093664434638,-1.3964783105785301,1.7940663693372338,-0.7843247936455328,0.26540082991010616,-1.389183995248015,-0.31463933976154,-1.6493997472755004,-0.3033213338503786,-0.45922836538615786,-1.335918233232631,1.19437114313388,-1.2071978520441204,-1.6053495027155176,0.2224667293262485,0.3264222991017937,-0.9320979690327218,0.5460959382721522,0.2515592356846694,-0.3249902535410608,-1.2514558052325053,-1.2750244243997355,0.35480694545382285,1.7658102808826472,-1.16482282580835,-1.0619604840462082,-0.22809536468356617,-0.641594838117389,0.39244455716373156,0.17622335346253715,0.688569898148916,-1.8975214495066755,-1.7269440505647426,-1.9205643451924916,-0.6487969088245622,2.0451333146756774,-0.5533199424370352,1.8665131016341385,0.7765208261465582,3.110141412438318,-0.8415413646182246,0.3505107172057495,-0.6630764818175362,2.0087068005276567,1.123494000021556,0.01200684966288634,1.4628193758482622,-1.639034694115423,-0.13199564559895707,0.4858813942619947,-0.8525851122881115,0.24862965027144607,-3.2173031897641624,-1.1860336113892793,-0.8814908505484345,-2.0137927639698914,0.5728261695270757,-1.8350350749493118,0.22376617969961124,1.411904331394514,-0.4152416030542678,1.0159719205139386,0.17090844142345554,0.3502667355996124,-0.7240073825503996,-0.3139869611592879,0.6954059956016232,-0.24777516733004004,0.7535421584854559,-0.5915581780450296,-1.7097210742167686,-0.9674963446302716,0.4644564800370325,-0.6682608338778262,0.43133125528473565,0.9095520434082616,-3.4929802536448515,0.8906582361368182,1.0543186262168789,-1.1523557961084345,0.9569791789700233,-0.13339824548045218,-0.671503544137931,0.6467439421496941,1.5306194083489169,0.5107110220118265,-1.055573280810636,-0.01387259511027559,0.36081307378998195,1.1979403845877994,0.5232163149555541,0.27075626807270503,-1.706451007580086,0.45476495206282685,1.2390270456757817,0.4565969455295919,0.1904101131842859,3.107796705759732,2.440839401504189,-0.3217517592574641,-1.6165223879220476,-0.40640579486737927,1.506029865982513,0.710935172521389,1.2932162525594384,0.2237899086407365,0.4152851808704471,0.3181453538285921,1.609163791566627,-0.9984171586760291,-0.21344370052909106,0.927339996127566,0.8711420047394327,-0.6966966485436701,-0.3613576188769042,0.014452017861439107,0.09971221732105591,-2.043830267964808,0.642330058230131,-0.5119004529543509,0.46494585433259555,-0.4685442890021065,-0.8986877596481648,-0.2266198451826641,0.6220141362425655,1.8243499585699634,-0.1723557668969667,0.4131697291265223,2.1852435135689032,1.8676753355101836,-0.5866387418927221,-0.00036677722024711394,1.7152795695048169,-0.6047007158034986,1.575642718976428,-0.2520315668221994,0.9532524211422639,-0.3588172873398944,-0.8617677024981524,0.5733184452259078,0.3821952279075292,0.7375108761122944,1.3200674520768665,0.47324135828400987,1.1237186964477408,-0.31624944598661364,-0.03388527993487455,0.33887581100554764,-0.24376167271229704,1.8344981797533282,1.4456713522664386,-0.3201359325338133,1.1078044281106962,-0.5350445831869552,1.2970980628640525,1.0736542449676687,-0.6692572802211514,2.2432020886830815,0.3641934402512999,-0.4047151302756145,-0.39833326445496664,0.5466688750590863,-0.4175564109684956,-0.5102602183754718,0.9037087151832448,0.1381355050070941,1.2088466730683307,0.3367418473953407,-0.18039953580180196,-0.19074474272618666,1.210479719705709,-1.0000160398458582,-1.1639239406306037,0.7359810639192782,0.38752894404876115,0.0266230497328451,-0.1744195657918814,-0.5905257371754896,0.39176697923793463,0.75684656045201,-0.6035379872566478,0.004764472497627839,0.3424795740589653,-1.1342918324136047,-0.9917010229904568,0.09857487258338418,-0.9833063389491272,1.6311268520680098,-0.7158317172218057,1.0106065614260606,0.09697222461342925,0.5815386390316399,-0.29188837573889964,-1.7426356870217947,1.102272650391022,1.6424169615600301,0.16729226644191153,-1.1221766634800423,-0.44816608370725397,0.7880035113961606,0.8676780791073524,-0.4845061885462762,-0.5356558671858563,0.26671973580011393,0.7911729464233277,1.7424984470531057,0.13567001054845046,0.933896959714896,-0.03773284881593926,-2.3250431388710573,1.2365060410914916,-1.1787187156227144,-0.2605985404825845,-0.37104668434299953,1.8362087708565624,-1.2097427693289458,1.1008831589564523,1.5347613969084142,-1.1260211205453936,-0.5715178373800184,-1.2858101865199763,0.2593037718029183,0.714481123762944,0.32668771499686705,1.208263594251892,-0.976766115390154,-0.24387592917220596,-0.41153997865555986,0.1457403889387495,1.5329792347370252,-0.26827104817981456,0.02091378072575721,-0.6176129424920249,-0.45745682622058603,-0.01499340404881177,0.4115684146195356,-0.8197129699976969,-0.2691076583902703,1.4273299577516383,1.9402220686398546,2.0564677851585307,0.8223165222588641,0.5132048985311973,0.12880829480927142,0.9251156997902535,-0.5224288973414624,0.06518688635024496,-0.05018145829463115,0.6280418654505209,-0.8051658918000627,-0.3361253648568498,-2.6335546039584563,-0.641160626132979,0.3322791593530449,-1.745791829770628,0.15343140063542623,0.9005002473989157,0.1128242737477008,0.7334579844645094,-1.221558955443835,-1.1702590819201182,1.9147910097398864,-1.983109745790856,0.8259025077779472,3.1579952080049067,-1.2423510165116918,-0.42839946971121806,0.6738407497849344,-2.8264872462344846,-0.2178393425502874,-2.016871794798216,-1.7410941133659206,1.1498241580790964,0.8022533448303746,1.1672285907050985,-0.4171643981863263,-0.20293916717634153,1.1759165442320663,0.025331304808345022,-0.7547708135008881,0.5417322518507106,1.4696359766313063,0.3956851402795379,1.8579712812247697,-0.7513628128981139,-0.18513882528076073,1.0041223863632136,-0.5810600890022672,0.17424237769353726,0.7184482817130363,0.2841891544923747,-0.33571437629199313,0.44708211086452426,-0.8858450849670526,0.2618968606003675,-0.3300796689117733,0.3471952962282789,-1.2511256530312829,0.3327014911558166,-0.272173971585822,-0.6867153094718172,-0.8081239971238677,-0.23553087553175237,0.3166645023339899,-2.0619503021517036,0.42288135208471966,2.4094143193661672,-1.7362074809870065,1.1166329675730957,1.0206873732618988,0.6208157120288211,0.36643306511473556,0.9906667718143433,-2.1213125265875243,0.5043200618027263,-1.3820626986800395,0.610871740336213,-0.6129441288383818,-1.4268862687483312,-0.6200495951227991,-0.3745496313162748,0.5651811440802664,-0.4990991166193883,0.33649237965671175,-1.1999865382018637,-0.21697892478503464,0.7540261806301,1.6776457144547272,0.1762784052348171,0.07569932432985757,0.28271043010125835,1.2509835456744605,0.8538825589212751,-0.20272569228985596,0.722177160851808,-0.8332577897416817,-0.8290126754719981,0.7094933744442132,1.2666604441288967,-2.5442756290963393,-0.9681245255368145,0.15880659122815338,0.38735280778389714,-0.2762677431318312,-0.7054846556185171,-0.45254209041176396,1.195616373399673,-0.21379228137143858,0.26048085064568166,0.01596931678626163,-0.5399383896766858,-0.36728625021005046,0.33630251190644045,0.05296307587648513,0.22663918440782876,-0.11293265101249556,-0.9286860763508838,1.1778862657890672,0.045575605134285165,-0.9802996157313838,-2.036197470371622,0.6686125278486399,1.6278591190922538,-0.16337141328711907,0.8937861996934799,-0.48344297338449926,-0.5078096324880113,-1.9373951617345353,-0.14633776514547417,0.8351025095983943,2.3631598043391757,-1.4910401016968329,-0.8168874155911042,-0.41573306028397217,-1.1001983882455812,2.7636186936728047,1.0824280183009043,-0.3045325863164719,1.307250691264119,1.5253443500877086,2.092764441804045,-2.204395850040255,-0.1560753452898854,-0.8350026013009906,0.24923475571016357,0.48045168180200803,-1.8956309950934471,1.7855872099631227,1.7009997182446157,0.16136977076321396,0.7992175963880267,-2.423158714107099,0.5127533753177937,-2.2128652900532875,-1.232512528401264,-2.3577146948435974,0.9152652755580266,0.577624462886687,0.7677155761196858,-0.7891984205866551,-0.04592514130235064,-0.27549187725466906,-0.9859249791340183,1.1230674208745264,-0.046901933082540447,-0.602269433379917,1.1403413342417463,-0.6321931605779584,-0.21897854523434773,-0.2463538539690825,-0.6287304902728734,0.13054813401074283,0.5374586214192323,-1.0942074526225203,-0.09096102997689716,0.5100051563376177,0.3235802564386523,0.08606758198857037,0.4459399796424363,0.41370531524365745,-0.7603928550098396,-0.3799678857935931,-2.157633710253538,0.6633765179775968,1.6908503984840901,1.7709343938470172,-0.7336174772897763,0.5021885210951744,-0.9439038789764469,0.6539877414029873,-1.2855366548528904,1.4760587160662269,-0.10752179687300538,-1.362514292205266,-0.058746332672906756,0.45570877113082126,0.5140684782108815,-0.9207432521468963,0.6608579194140632,-0.2796711537322368,-0.018647542696554543,1.2957881015512818,1.2130370598207545,0.03994336051672831,-1.312341524318498,-0.39152490948698954,0.1139891251208582,0.3240548519090533,0.6912628062983344,2.122277804977287,-0.506083548187327,-0.9804992108560318,-0.5923197345673732,-1.5467188563576053,0.21624140578040082,-1.5403967242148637,-0.2890659837883492,-1.51949694974443,2.581587512712074,0.605401500955079,-0.17687539654396323,2.0652188721180607,0.8438707978416352,0.24925501966830502,-0.6347960147095866,0.01855384251945958,-0.3466685260951524,-1.1083476364908234,-0.9316975539267601,-1.5694420785168643,-0.9059278329888379,-1.0671308219715034,-1.910658578051207,-0.7139223198517121,0.37447646425208275,0.498712985565779,-0.18233197535942874,-0.5268898386657789,-0.1463888755854076,-1.2194879022139187,0.49357399076236447,-0.559468121861851,-0.6963830630644847,0.4221897966340685,-1.429182710871845,1.5010321028356584,0.003980170932270748,0.3542936400677707,0.31381607015806073,-0.9691538415138438,0.06760454078350173,-1.5143845474298374,-0.09458249814564665,-1.754517656506183,1.5547114922651015,0.3701515895192321,-0.9536012492150107,-0.7315856502416175,-0.8281203494045597,0.2662500208509802,0.5420587040051356,0.4828948725065836,-0.22190973357655008,-1.2719590662672662,0.6959670203610538,-0.9035903956002412,1.7084077066200123,-0.6283002634789235,-0.6335006840957954,0.16061103903522922,-0.053219352556215745,-2.140704062418185,-0.6616934802389606,0.5178599083730675,0.7476627804690944,0.8861314059995306,0.44696402991469203,0.04219436180603466,-1.452475093508765,1.3555946734400666,-0.40093385786083724,-1.206085790040659,-0.23735541188631895,0.32515725432676834,0.342059482340175,1.5300749404175578,1.3239310819132404,-0.6145804539344841,1.580062916295584,1.4417654938477245,0.06626053152805131,-0.4873716636401987,-0.8265859181331752,2.1464600763448627,-1.2915315171370159,0.3030116396357733,-0.4710674203664908,-1.715626039321372,-1.1259657735076085,-2.09201085344086,-0.9720121907277184,-0.3178605077742977,-0.8188720661554671,0.1328557351363046,-0.2373724345567604,0.8667545203044664,-1.151926623286663,0.865660095417061,2.376375129187346,0.10522985464511482,0.16202360433233007,0.6967770376714233,0.33264686051539616,0.2728619193324457,0.2729156614841181,0.014334205825726786,1.742645121830343,-0.07385310082645442,1.1990755524646843,-0.6511067403226483,1.0549742302508358,0.36928267707142065,0.6476917597205657,-0.6450947779281367,-0.8032903697799882,0.3180909334328892,0.06962954420056543,-1.8747056677477087,-0.06755581387707983,0.29250801021108497,1.2217419209454328,0.17548712144464396,0.8029614180928877,0.32127053296115377,-0.41442311726740405,1.435932476791032,0.6839054157005322,-1.143002882411668,1.343607466005831,1.222389642340408,0.4202069678218762,1.4876648883432289,1.0477909684713393,-0.8333290178869708,-0.5985894180626196,-0.39873271240266456,0.11204114169177459,2.342029510780202,1.7813976241658211,2.6709083135345177,-0.3787753872483976,1.2807044735793263,-0.4143559783707081,-0.20895368693925162,-0.8082134980315937,1.5410600866585509,-0.34626000701916687,-0.17266015275484117,0.26556624112414456,-0.44411929407042183,-2.1846951885466814,-1.0391183131461348,1.2679824192804259,0.8180186652210162,0.19908691109015347,-1.0679780858624954,-1.1430008271329124,1.5738096806678947,-0.030592478387001566,-0.2017291536452969,0.1269009485929771,0.917219287230805,2.197545303089378,-0.9000767256049709,-0.5304911387188694,-0.6821238183301848,0.8233403422053989,1.245714262381287,-0.4174199608988736,-0.6664155623134765
-0.2023741997507641,1.422020862751245,-0.36834800962328623,-1.432859946397576,-0.3923236747574863,1.643374780074895,1.5525320000645189,-1.038492597844494,0.26770530276022897,2.1376995190001793,-1.3742703053608434,1.4028037691810804,0.8203460043755606,0.32697849879732405,1.138243813363641,-0.2537069274672743,2.02807927330837,-1.718123376533268,-0.3153463774673246,0.03534358071782016,-1.191171629753011,-0.9983164339471594,0.6394027580110951,-0.7149627010215647,-0.24786439973868438,-1.4602909566816555,0.002144029363616041,-2.4185204047794224,-0.7306788867147405,1.542028399087736,0.515454274618516,-0.5874918094316774,0.7947893551432048,-1.0588850814218782,0.9775284652536466,0.965868966147408,1.1681402294336278,-0.10786447441623102,0.888059549721251,-0.2868139533808212,-1.2482188987070235,2.6123973589679506,0.08154506808078767,-0.7164630459764736,0.6499328160035077,-0.1354870747477014,-0.8749572931461315,-0.36582014656403833,0.2188645029217153,0.5656791206816261,0.9007153832675111,-0.6839136381950697,0.47639244070100706,0.02491008978014521,0.34835824060077053,-0.3371334632405221,-0.7582252155663857,0.6220740554326204,-1.7886872469041077,-0.5007015234495545,-0.4224930722842242,0.013569611334546162,0.993113294267741,-2.5574820819308446,-0.07038819833442937,2.081799349564926,-0.10562246192621311,0.20216597813051343,0.16250800746214683,-1.1451977444792323,1.074425657102281,0.9636759770893661,0.11546104735842004,0.3325464495825329,-0.2181217886657475,1.3542492603998701,1.3723578035313742,-2.572231169356103,1.5592077767572303,-1.6320984547411928,-0.3229233050570168,0.08448154716447787,1.306750690130908,0.4866034837643366,1.2446863281921,0.261798740232966,-0.35063198373830273,-1.8489623409983744,0.9061102167733072,1.4815924770480187,0.6074914986476846,-0.8057128700286866,-1.100873310970123,-0.46479284670095883,-0.7147198779072818,0.8113107370772163,-0.4094046206972738,1.7345803458978435,1.6710362522074704,1.1589179848352584,-0.5400472393116056,2.344633072229552,-0.945285647407453,0.8792439357660935,2.1013016744897373,-0.584259711242258,-1.2079261227929314,1.6149953500567154,-0.4149199993086878,-0.5368028822401886,-1.071375333337853,0.661249132358827,-0.18367368965084488,1.0369613131426747,-0.6409059241059643,-0.17907392253634513,-1.6519620121193341,-0.9038008848071276,-1.7675907502471613,0.40383412167403043,-0.776566139881508,0.571837105013125,-0.9873511991555838,-0.05796757549810503,1.3997716619657765,0.6223529835133489,-0.29163546308690375,-1.062535859655789,-1.436732345642241,1.1356074130973506,-1.9507796119208032,0.7060346266845651,-0.986080297363094,-1.3480048979361021,-1.0628270659788874,-0.3542755174213205,0.31676464874053967,-0.6966152991088327,-0.5452227648312826,0.9497346867441107,0.666824386223456,-0.8634553831047228,-1.7527576666249707,1.2392612344821317,0.9515310230865157,1.2488262490822974,0.15171170462103611,-0.7815325668832881,0.085403045000733,0.07335143328711365,-0.1521690771118709,-0.9669784039811694,-0.508991885127026,-0.03794204438562957,-0.16895212437398757,-0.9763375791186296,0.04762910869164767,-0.09867335536653442,-0.7077071620060803,0.4113352611571845,0.35412255360273676,-1.804309791510186,0.45985388128349086,1.132958082743087,0.5956915278901173,-0.641500547112511,0.9316346541276421,-1.4959296756820053,0.018631906743209546,-3.227572287519749,0.5727374194234048,0.678010856462819,0.3780295287239342,-0.2562299845085008,-2.0887792112395767,-0.335050730505565,-0.4014350952943787,0.6845932240714525,1.2515265551663979,-1.9511234202522725,0.3546198495288157,-0.5617091861864681,0.9746835682730005,0.6949526187193973,-0.9244484641221039,1.0052851402283458,0.5168567019012702,0.1097655123246345,0.633459978052225,-0.8085451368218761,-1.8409309808316348,1.5090725461211267,-0.8876820675173276,0.6334988007339515,-0.1194666139366473,0.33929389780121455,-0.42715421448508933,-0.6842077014322441,-0.9442337071730725,0.3342818571704279,0.9370162058969852,-0.14230931490940074,0.22466391123792875,0.659595093870669,0.012951983349438452,-0.12491649193953468,-0.40752320965621186,-0.045410225166227315,0.5625901270055985,1.0778993588032226,0.603747961959355,0.9191637946517305,-1.510206052409085,-0.4060278942422204,1.5991059148581108,-1.8334298462567782,0.030565788968177368,1.0329801206271516,0.0010393209723865463,-0.4898529991225116,0.5075857861158702,1.1500745630228335,0.4981331589916375,-0.07128194673361143,0.7222328976530914,1.958499127533369,-0.3821382289379299,0.9534745786332691,-0.9353119697956778,1.5102249998584167,0.1462738510762222,0.5551827005085958,-0.5116946778600888,-0.6442821351685803,1.2731071006889383,0.43143147017575345,0.32508076237088607,-1.4565169146741845,-0.12849974976305073,0.9775610099883376,-0.6905993150731234,-0.637944905397154,-0.6596263580555037,1.0904935166878909,-1.0054953060480831,-0.9721245075946495,-1.517719397402744,1.0368550759467943,-1.8859561456432157,0.10204427887013838,-0.5773733419135586,0.2639535338996259,-0.09087045810612926,0.4578184292172329,-0.1578782692361421,-1.3048854832341674,0.1907326812844092,-0.7766167728068467,0.3353018663224735,1.6029830367473479,1.6950083714298358,0.7106009399008878,0.2910965734139487,-0.3468297554649176,0.8476820556109957,-1.383030965801798,-1.1930902292020262,0.05289729040742976,-1.611948440325057,-1.1059397355888099,-0.10396932276017114,1.7486479805232509,-0.8331397870851062,1.0194789033697016,0.9186051777027191,-0.23414231713894632,0.019167358035507315,-0.5203338495297172,-1.4710657685022244,1.1533435316189533,-2.4204202520702993,0.4154679817439091,-2.083970122425617,0.697023385341671,-0.8674736763275274,-0.38667038779640817,-1.062230351901586,0.5409409958196102,-0.1975716102361506,-0.035311824831402716,0.3351502943986584,-0.681772613520034,1.0050461342552253,0.5801178062227592,0.6655775172832575,0.6200583604241896,0.3338233193490448,-0.24739163024527736,1.4505505334299025,0.17925967296819237,-0.38988718012114715,-1.0711373308872987,0.3353304216240266,-0.008745029760602626,0.2389784852873509,0.4256595688473996,-0.07490440853559496,2.38884755745999,-0.13670324803113812,0.36642132296555463,0.4902898698790916,-1.5473838105452256,1.8819467748364653,-0.030765033589972332,-0.5215674049802076,1.547277983794502,-0.7018203224734071,-0.05302507286290771,-0.608902401042379,1.2640017039160742,1.5624556687571043,-1.4788614220821568,0.07200104265727972,-2.0217779862158145,0.03771497335330901,0.8718656957503809,0.9816210436800216,-1.2746804435045804,-1.0716478466196249,0.27162436293523945,0.33081625121037167,-0.1733124006845608,0.9316272028508105,-0.6096739214004511,1.920686468501667,0.325941316699273,-0.3761937470530691,-0.2628089490791079,0.6365980468325037,-0.6707322336685038,0.06119228699070593,1.6673519948665603,1.4342523404580454,-0.5245667761865859,0.9024742327066897,0.8692241333977525,0.9128929125611105,-0.39606122643390107,0.37242128639797023,0.1666660774183203,-0.14132610871721366,0.16720641664973462,-0.10411507688478686,-1.7224063928727944,-1.36808201221158,-1.1439323102699985,-0.6840176496257956,-0.4439088636031025,-0.9187659819000337,-0.6032847223346883,0.5017207581277833,1.228155909700485,-0.6457944512433494,1.2081796322732568,0.09518728605109637,0.9534307562044738,0.30775103579618185,1.5779171990387986,0.5422102673367611,1.4585416645017208,0.5277760439146021,0.6740435547276458,0.542191517148587,1.5055971861598922,-2.0767098721760306,1.2130917161630745,1.7036948705151516,-1.4668048374615583,-0.11219790422973769,0.26082394300839046,1.1108999210688404,0.06162315704648969,1.5025664700544483,-1.7856135269251585,-0.0964378383574054,-0.6637171860006599,0.7212238176611546,-0.9978036080692269,-0.581007267095662,0.15367832185747002,-1.2391854840952845,0.003059567281264883,-0.6052806378064935,-1.997408355845515,1.0810934915281747,-0.6150761986074498,0.6227759098271007,0.6481189947854743,-0.3582043519811362,-1.0248966596593434,-1.1303708596091755,-0.747008796332154,0.17833377949652693,1.2203006144992183,0.3925114935860328,-1.0070434794969363,-0.5418975096850822,-1.007930468339235,0.4812152694641174,-0.12859045645144013,0.7887036963943269,-1.9947956848971784,-1.6684909472270144,0.6377663721748077,0.8509495375897196,1.127066134261994,0.26356907849410854,0.5440069570288621,0.8417011114931684,2.052310446146227,-0.20955159942583534,-1.4259186628764133,-0.19275261943728786,2.068250986745153,-0.18298597149939239,0.43553042534826925,-1.3489115019483686,-0.41850725301512,0.03667994306595443,-0.14206455088297448,0.03144837220622122,-0.048242101290477575,-2.0155023516354196,-0.9133759080600639,-1.003982742751884,-1.6133960636473588,0.9490576863062372,-0.6066636498617073,-0.5489392365421256,0.011407976546182008,-0.8184171189926258,-0.8685507840777666,1.1906702888986531,-0.539320962027166,0.22005787103763833,-0.6105561193687764,-0.27523923065171974,0.1199949006206107,0.6877379352922581,-0.6564763851367843,-0.7920590110246151,-0.9739203968737459,0.9189075325780963,0.8510872983036432,0.5888951099511421,-0.42907757341396335,-3.1665400004588635,1.1670421886078357,-0.08226969949333875,-1.0677718924192525,0.703489650177867,0.6693365470412289,-1.2010092073663687,0.7686294533241016,-1.1403216350946705,1.1392798230326313,-0.009405561693593882,0.06922939375087683,0.24780469680880607,1.0413544092789098,0.5004630036183788,0.7133811313365556,0.5031125924600418,1.151148293115376,1.1190298747130523,0.9219997392662351,-0.5741642934007346,1.122039829780233,0.9056329162502371,-0.2707915197050931,1.146845163158719,-0.4350635089973328,-0.4585840698401161,1.7007984793976776,1.1658024316905096,-0.6934451844158,0.2502599857061208,1.5790619318730328,1.003880282346028,0.04125885847925678,-1.2635493451748525,-0.03905862121179373,-0.7222939804678558,-0.2626489152270424,0.5073758853194729,0.3548497762078883,-0.6177431662284729,-0.8107835054830393,1.373641257460674,0.36336210754498877,0.014670785304711264,0.7530397385392723,-1.1103024687142082,-1.384394205787514,1.7610234116453156,0.1523399839268143,-0.29637542902175273,0.6746883709477034,-0.6340489951578135,1.8171952578158357,-1.3728860397987759,-0.599813341045174,0.17825951640411522,0.15401989236016533,0.7454956717822603,-1.2137582202069215,-0.32691469233338105,0.18638687664288767,1.1096297653792588,0.07380160605679449,-0.2919766135503065,0.520541280567419,1.5346762114934154,0.2023216834619515,0.9014983309885781,-1.202443947801926,2.410791231829237,-0.008048561218835971,-0.5881458786752922,1.4462379290044405,-0.6102928676455031,0.6586833949840573,0.3076831330381137,1.0263811971469996,1.2193649310761672,0.8119660030133726,-1.6523958195664843,0.6714783266892957,-1.1308978906974378,-1.230853224494254,-0.49342337873257125,1.5836792761248883,-0.10752661520072979,-0.10330969288647426,-0.037146925290265725,-0.761702309749221,-0.19646975957001836,0.5622974000298256,-0.22273385231479104,0.8616952668799525,1.6543136008138353,0.00675983211323128,-0.7400977816423752,0.32408752637944493,-0.1429929751992069,0.4541494649795227,0.06911940133021036,-0.8816568493836584,0.2527178960284447,-0.10929143888676747,-0.5422366277916314,0.30495012581834263,1.511474496661372,-0.1822778960716405,-1.0473648024531592,0.7639677154488311,0.004831447095110212,0.07087482788040626,-1.176016977683859,1.418046027027741,0.6873101093659493,0.6737517644372307,0.19164696783087684,-1.1884746031937234,-0.1178469342854188,0.2788661558901241,0.05542730822883133,-0.6361186074643925,0.20812496069916403,0.8859073658734217,0.9932266471713731,-0.1658199832761991,-0.7508338511862406,-0.028603466999274556,0.6852577156019236,-0.07085882736929726,0.4615380210569435,0.16241998764501364,0.6216116605903124,-1.0767384044546404,1.045589427954599,-0.8700877663036463,-0.24101063143613838,-1.3697645922779327,0.18100021285959056,0.30770349741975705,0.7828033104895553,1.2866952180802405,-1.2332396023838288,-0.46839740318250983,-0.6801889697129869,-0.07157706217017487,-1.1495247680878145,-1.3700114073108447,0.18954172476525102,-0.6663541603997554,0.5734450420540752,-0.5999716831946192,0.20079697009937733,0.32063852243339647,0.7436919848679084,0.35902344148006093,-1.6168971376506915,0.15854676906399723,0.9685052170440812,1.2753940979776324,0.7226847555929704,-0.7729857332758477,1.713196518351012,0.14250268929888418,1.2407718086603976,1.2740865307292781,-0.4010657236225455,0.09143987545089231,2.154779710421636,-1.375225332366141,-0.08722470656055759,-1.1852251637566031,0.15910634020837142,0.2096233099692402,0.6716185817458612,-0.8509480546775878,0.6408466853222393,1.0804129134308835,0.07267720936100586,-0.8228557456163138,-1.1178519701943115,0.6371982559118722,1.5590934278943331,-0.996133090857677,-0.4116104182396783,1.8209309750489382,-0.8446543991689343,0.6000552444186944,2.259314967358603,-0.5551788886736923,0.10283565808689446,1.2034626305090217,-1.800284766912239,-0.8279491060991553,-0.22517601845026433,-1.6682688448938174,-0.2245118864336217,0.6407801714904447,0.4795886044732252,0.249530578941,-1.2665167582346315,-0.27845409944810584,0.9747679838036428,-1.3262650807306977,0.33026244705613667,-0.190954662912553,-0.9380928684381059,0.07681987253558203,0.6798936208668661,-0.712604218717793,1.6984258897350768,0.7143053319705724,-0.14101002487796704,1.9240367648316012,1.1894646268463538,-0.738133151230727,0.49825169946912795,-0.028987646637341852,1.3348728275517538,0.07756917007232621,1.3858571845157934,-0.7860712948351155,1.1611782792942469,1.174267571354879,-0.3772278875006548,-0.16390480743361865,0.591665294609854,1.3253589905914256,-1.085117774248644,-0.48428108411415755,-0.01088467216949336,-0.01144644708547793,-0.3887298258451515,1.2354035738325269,0.5133447905855758,-0.43949372830731465,1.3351863899686482,-0.8123654120246465,0.5154561330558848,-1.4053489320437424,-0.9792071762617874,-1.5504546835651374,-0.5936578030162835,-0.06715561588554601,0.8129143688624629,-0.9112191422317493,-1.6821139221261272,-0.5897543543633709,-0.2895878312632032,0.9314911013481871,-0.011963271908502784,0.5203383665801382,1.6419928245927342,0.9521838348458086,-1.0686472698463692,0.4570665742202421,-0.2658980609747779,-0.038752963436358194,1.0361608425811306,-0.11099757298852297,-0.7677734480878031,0.4446241931516305,0.7654736047637224,-2.433961673510638,-0.32089480622749156,-1.230345662734029,1.2866456270207782,-1.790691940056439,-0.20599813448577006,0.7067478578387961,0.35247212457958665,-0.0930529389083772,0.8652415336352848,1.345517721881716,-1.7708136021002472,-0.5568981752473608,-0.6979587945008056,0.09239355119393367,-0.03199777950246126,-0.5788402201110258,-0.1695888023560556,-0.07552775356989679,-1.1500415640529744,-0.526060681637197,0.5169794221036572,0.9483077397005432,0.5465979993824478,-0.30287542765588815,-0.00048581869204356205,-0.8281152156214876,-0.29781601453426715,0.25853617165139364,0.40839213632438476,1.7746926605586375,1.491380228718212,-0.18896508794688016,-0.6964096650588839,0.8550439097043666,-1.1348054652405275,3.1180445504953402,0.6716117180330056,0.807572189200304,0.39872088867977473,2.193420173392559,-0.0069377949255434645,-1.128473674014556,0.31228070342742104,-0.05170051289022201,-0.547657687311382,-0.24264272210785487,-1.3992530154115441,0.6320286018957897,2.1788677798553544,-1.4010985919676708,1.2559003118465564,-1.689663668731538,1.458134176220726,-1.035017479165766,-0.7535993318031246,-0.9023304865247169,1.3199953285092076,1.5046545550530337,0.10821127876877376,-1.7165328070293062,-0.9563553534923659,-0.26221150133240334,-0.46608907449838477,-0.12207261744008699,-0.2190833569435195,0.9552704749961327,1.1041392666442122,-0.08092501748358578,-0.2570214741482784,-0.46354333598829334,1.7778805616176863,-0.7166819871195367,1.6495443719509204,-0.16528715596399687,-0.08256726458134071,-0.9593779415834979,0.2028168670967856,-0.7381954918527597,1.0969020296742276,0.5846929296222521,0.4184070292456239,-1.1615238229683926,-1.240328312876793,1.8064537882130836,2.0540117139704304,-0.7494633360181094,-0.4127771220065384,1.1019580194066865,-0.9329430906437866,-0.7292418434087116,-0.5507453112730709,1.4221816601223456,-0.06271917818871003,-1.8884712842932403,-0.49841354969196777,-0.5181189903038698,-0.10713707562378201,0.1299395213789785,0.7547839640031938,1.0502961679096043,1.013132734626519,1.0548015592655593,-1.6008286434174221,0.603895464868127,-1.4297961200721248,-0.6277478555285064,2.590265369739313,-0.10733191690288789,0.03276087797782858,2.148842810535543,-1.0476628116331934,-0.37637404436584315,-1.4401994884934002,-0.726576300660971,0.016318842856333022,-0.2503190597373741,0.8044437434783012,-1.1110322177561391,0.9152772126499413,0.9659032362608224,-0.7085341681039586,1.3594948627606842,-0.9642610385378342,-0.13930175447379195,0.5087654309278027,0.17877397123437166,1.6228839465576688,-1.0481255066329207,-1.2933722999573605,-1.6966302288737103,-0.015783201543889527,-2.2514692841134383,-1.885840672095886,-0.7474695740575981,0.23400789648951983,1.7367229048121704,-0.4856443716235939,0.474896579009795,0.5074859426645202,-0.6687001639703617,1.0950517100564694,0.057905875656416576,0.5542403870789459,-0.8122792427081337,-0.6709851783993266,1.0348318866005795,-0.8521020210340493,-0.5257361642135994,-0.4468235708441977,0.7010466698034526,-1.0585731036302877,-2.628377923159474,0.16365674657331641,0.9438967342736974,0.9856722260463874,0.6348017528880103,-0.09966695155552108,-0.14211099264464716,0.05970916640714092,1.1035313908091768,-0.8704818531438752,0.3387157137629772,-1.2848725086136026,0.3268582498692384,-0.43250776932765433,-1.3413640381106113,0.39535340561084903,-0.2220474034049379,-0.151284973933933,-0.9136207964537246,-0.7374809594608246,-1.5035418402038863,-0.5931118005528162,0.5527831988818256,-0.47076250668238295,0.7429538333586504,-0.485146011312939,-0.5556240926120959,-1.2197943069222368,1.7097770338270104,-2.140640282778392,-0.5218715040977332,-0.03536847764566751,-0.40155982845338967,-0.38559924560818454,0.7724153500885287,0.3818440051619298,-0.1354075821997428,-0.3250852125883865,1.347578466708118,-2.1169848746828848,-0.6407026269417425,0.19701415936512415,2.212744190715295,-0.18519244146278843,0.1280364540151728,-0.3543685845124162,-2.3822403298612636,-0.3892667800662829,-1.5526489005545292,-0.24157782209989154,0.20143326316030785,-0.7928340377545614,0.9015322018368305,-0.2728228109798356,0.9168492934963766,-0.8751304298585855,0.7753401390991824,0.8140671777862483,-0.10136002715788937,0.2865634640255525,1.4658846902120117,-0.045403779528317555,0.45102217270898903,-0.7652569373589555,-1.0554171026680046,1.7533867300873238,1.0196604726700347,2.595338427147089,-0.024985802271901728,0.21854606591489179,-0.06586284952870987,-0.22456459510598367,-0.41802399585212363,-1.6217062878936832,-0.6111192742063503,-1.525549018377374,-0.29177658895598874,-0.27616647878260964,0.695319944245544,0.9606902770186498,0.19740598240438126,0.12263328613112992,1.8189022607374983,0.7946643464274279,1.159311616868958,-0.5244856213286452,-1.1667555015594717,2.8723953851277275,0.6403116081706524,0.30545034944884364,1.4287584725908056,-1.046884614508623,0.5873234126539351,0.4535779591832165,0.7541694133646639,0.1028049692690416,1.254224313495373,1.5205545832288196,2.146926354806897,-0.24051906034213263,0.36665918562693417,-1.6012733506290668,-1.6564932398876553,-0.5926057158348423,0.8907979993864217,0.8346915100658086,0.18581493489235285,1.4194602602634425,-0.629567173469701,-2.290190197483538,-0.2583679814829986,1.0956861586626658,1.6243076471649862,-0.7378939114958077,-0.3698550595367965,-1.1860397542764474,-0.29121618249841924,-0.3325210273942576,-0.09168687187105126,-1.9448887249607874,0.6401661612861288,1.4290245432005175,-2.6134440285200116,-1.1274097799321228,-0.5111687865696997,1.0178870176035568,0.0686420367784221,0.9806042493263413,-1.3793299414948084
-0.3350004459448776,0.6761841579182752,0.4324635614043738,-0.2652164907301504,-0.7263382155596663,0.35672715728119664,2.1768521052582406,-0.8052314590956179,-1.95898271999378,1.3672103853542275,-1.8066712093617596,-1.448121484749322,-0.6119744617711953,0.6499145533867056,-1.956033574654534,2.1999365842249845,0.5654569114373945,-0.3501281595859299,0.5986475641790993,-0.3607510678861087,-0.38542498801152747,-0.5535903839788286,-0.46807655414208404,2.018291810727574,0.07427212346834648,-3.4199132757771524,1.1826678246767977,-0.5484491828390069,0.4894877678254615,-1.170490093731833,0.48105607362232244,-1.2112792298308988,1.4059447972943637,-0.9855328706157098,2.7970030167429467,-0.29175728198558903,-0.1584900552528704,-0.14401016738654465,0.48654524213931577,-1.0746504503061438,1.1151589313063004,1.9427045779436838,0.2606627489059313,-1.150803074675355,1.0055625145704838,1.0684062042904408,0.2840001440527664,-0.6983523443090021,0.15030980048822082,1.2331594475641796,3.212985920764876,1.0516484426455261,0.9938404252381027,-0.46812830586870774,0.5053215620889105,0.5849588721720933,-0.5153289631083716,-0.5979320235065053,0.9299061638328784,0.7876613566659803,-1.1722603899227344,0.1238085965907885,-1.2578343040048143,-0.13725158755098138,-1.1397972883344916,0.10844338896106777,1.019708690839593,-0.15340445383312287,0.254171709756877,-0.34600106268811903,-0.703968313599544,0.9286740150033863,-0.47501203607680464,1.2463335089745466,1.8539616306750388,0.7426186989852313,-1.103131218204121,-1.4961837765384347,2.1604520166068166,-0.5522865544508848,0.8486438663443535,0.9020547748156161,1.6838040535188314,2.0460593813632517,2.4430188779033357,-1.0338814425998923,-0.5143272662942315,-0.8446337791986164,-0.2143462029557675,0.1958896984208045,0.7215120157447542,-2.1950953137712617,-1.50796124687754,0.07446915070479578,0.9083516769263242,-0.11479166750310077,0.44848868297402245,0.6339643194512781,0.9284632013031279,-0.3963579948247052,-0.5064143474610029,-0.5074875407243089,-0.9150959125017154,-0.35284703113622484,0.18585323239488286,-0.5832436343834523,-0.36086354509243646,-0.6022972828220081,0.029455794739334157,-0.49704728500169854,0.19501177211113468,1.9536377237985612,0.4365996773736356,1.6972312118253916,-1.8463470781793563,1.4817807112422097,-1.0931087132669115,0.16940457925933008,0.5648501469258017,0.05959351364333958,-0.5743926156813755,-1.2620413764237128,0.49547644218461984,0.7947618329816225,0.5747351896076391,-0.20658558332291957,-0.02176637083863979,0.07642460575720188,1.2860178817663863,-0.9328424571540689,-0.42349907107786317,-2.049653467144529,-2.359629854435965,0.9453423430887912,-1.2204014375485412,-0.7383933056235343,-0.06628560512632982,-1.3459955110486985,-0.36293005537380896,1.41276622153609,-0.40374847715085627,0.3126092573300303,0.5486899631320847,1.860247613746385,-1.0593428784017924,0.8962355714017035,-0.695939306490506,0.19274271011554972,-1.7205687183285376,-0.39206054835141957,-0.5000048999180765,-1.4420817465193325,0.08110877118272762,0.2715754266684355,-0.3192002505539954,-1.2931521339126362,0.1712672202573231,0.25843962719714053,1.1056315538226518,-1.037361260279264,-0.463640633238018,-1.5487202974238456,0.9708795432263128,0.7491785467963573,0.18199738057694256,0.4218644598057415,1.2438298793008034,-1.9571144373295615,-1.0073639037755975,-0.17061973887170717,1.3640493571765295,0.0596714690209406,1.1406446900920932,0.9225506550332901,-2.0571045784824054,0.43350850191800866,0.5195409713286508,-0.855576432513061,1.1854499910837284,0.006546053800027779,1.890602523063552,-0.48372833772940677,-0.7628996461871838,0.4007772667683105,0.5189900067306833,0.2995081348392523,0.7123447524038659,-0.19584943763378526,-0.19382547676308604,0.449307343824878,0.10959702016364568,-0.08387755076747681,1.5407468661352477,-0.13128126139048046,0.2727402386196316,0.7787440065192229,-0.14964133568232485,-0.9604390808676929,0.2601017457168454,0.685053006947262,2.164584657745113,-0.7154295374615866,0.7674078525337211,0.45524416827876096,0.15786066660796222,1.2626352961499776,-0.03243417268904684,-1.591306244647719,-0.6229140658374817,0.8113405919945342,-2.096386919648662,-0.9659861558744939,-0.457000456132203,-1.0169506199237262,1.6961097092005297,0.056758202233572135,-1.1616504634883231,-0.3011178500803557,-0.29280933620249583,1.6169046935830025,1.0278301171705675,-0.991426916482834,-0.8760329779211323,0.5854077491218258,-0.047438464129220974,0.7056663642468055,-0.5178051753091869,1.3003625242820416,0.7323905964718843,2.516961704194179,-1.4872529278563718,-0.5466282827398242,-1.2177934664371959,0.4051092546503679,0.05560419587826772,-1.0723431774553993,-0.23910737331207318,-0.9178759377333299,0.35851866695774515,1.1061184303711096,-1.904646292865878,-1.0932366737639787,-1.270886693389148,-1.185204345097466,-0.3931544727585691,-1.3326941326892514,-1.0052696037750832,0.06811529990691967,-1.0412611274770853,-0.035436658201060574,-0.13033544282361262,0.5336461837261937,0.7044968951227101,0.5034787882033173,-1.7746906424332614,0.5448529276729384,-2.093404181114916,-0.33352489115204975,-0.32130596811292467,0.8594137141583696,0.7028449321480201,-0.18168106344600057,-1.310307120928288,-1.4803021554263112,0.25328705312915323,-0.8202991840335019,-0.17683699351822108,-0.5791466593422742,-1.5711803170735803,-0.11254780210381392,-0.5954677940187278,-0.2461337904909668,-1.345528877337463,0.014893461125819275,-1.2657966202706845,0.7303368563197377,-1.006244168793585,-1.1252472777643845,0.09766202512859368,1.0776180836302536,0.6784938381535516,0.5755930166837964,1.0001893069395675,0.9027148135771612,0.2498716880467829,-0.2395602014323652,0.6127390851863831,-0.6403295989562804,1.3479973821125242,-1.6331410814222218,-0.5537750804462037,-1.4909985056763064,-0.7630430917745121,1.0229069611748844,-0.8790318405112569,-0.9753149132421504,-0.31553419324275306,0.6775002388607697,-0.43913493692009925,-0.7683809381127636,1.278263947335235,-0.8387644241653918,-0.04364109044360434,0.24161634437023624,-0.8068732243449406,0.7331932152669449,1.0079121942571188,-0.0035595258623271567,1.3208520059852757,-0.06858510442844477,-0.6753915990755215,-0.22841650858918014,2.3997967213278795,-2.093756197669808,0.5086203011515129,0.7252446733203056,-0.22489899559088775,0.9468740172572707,-0.03775776841401303,0.9080202719043441,0.42720180014055087,0.8262850225818702,1.3742088997719222,-0.45400065564617353,0.3786892989024701,-1.023026013267321,-0.9444513601498905,-1.2682863477823423,-2.0828597358406986,2.2710689862311715,-1.525216505888672,-0.7142197753168169,2.4317493421608845,-0.1913323424239572,-0.6242127392950595,1.8831093982402352,0.7180808390969068,-0.7340742274642664,0.33335295090734923,-0.6011508546581346,0.379897923861808,0.31060826487964666,1.755373657206444,-0.0798823939840718,-0.032542712953091545,0.363878992129348,0.3480482954062944,0.4220681662471685,0.04119218512192771,1.4304383940341163,0.706583961930581,0.6818610007513961,-0.13618673620062297,-1.251144633647752,-1.0388026661596206,-0.9927496691368092,-1.1282363389758532,-0.14769751411885088,-1.5734863928354315,-1.3386445636998079,-0.3267877607448224,0.5491773532358716,0.3041999954600678,-0.6334457906426615,0.13565790620799117,0.19362552159243285,-0.3760756669407836,0.7570307587600082,0.10631953370394037,-1.2393074248562423,1.4774687095917534,0.385912733370272,-0.08015220314681551,1.8278511328111038,-2.0396957606147796,-0.15168992659240216,1.7244630455620726,-0.42838146955070233,0.08208895097239578,1.332972234812401,1.2083202610321297,-0.5871376901204405,0.8003562697426695,0.13339461847190867,-0.615817376865005,0.5100476268549486,-1.1519733028268302,-0.040462076574814265,-0.2849437556446174,2.0788220317008843,-1.4269129347739258,1.1464493268001599,0.6177716433403373,0.028465762149120517,1.4352402816396268,0.8214889945115105,0.32147363599564666,-1.4502727545999667,-1.3338503166059437,0.16514342234408416,1.4063698698488296,0.04569002625351308,-0.7618691216994681,0.4468936644546971,-0.1489614292879808,0.4358075647350047,0.6535004097123751,0.956995730923793,0.23275840047805255,1.0534577567014012,0.05647353788710113,-0.5454475687920456,-0.016148553706441623,-0.10438581027000216,1.308256645212991,1.1405846934586266,2.038340264084575,-0.11299041314580748,0.7336244078906982,0.782514772877856,0.3161004787901104,0.4610025300036192,1.6709822963485927,0.8645505377412845,-0.42176693005943455,0.34569678262191805,-0.9273885108647782,-0.058774399877470004,0.32329192630568676,-0.48428203090938915,0.773121504346875,-0.7206644416673568,-0.22441876600978092,0.23719865831810577,-1.8961103452702848,0.077746067405445,1.5953131008495371,0.002796996790569822,0.39306612287029463,0.08565667110278351,-1.2850516105138794,0.4911056810892476,0.6253967331159738,-0.6772471571418998,-0.9032045810596253,-0.19612564210349778,1.4911304338926663,1.4477740346503203,-0.11032180168199146,1.1369084035499226,-1.3298994241718163,-1.1485695850131807,0.14354124968984336,-0.05079125741113205,0.4483915418984839,-0.30552839024378275,-1.5748214416594088,-0.37128286335098215,0.28132712819171923,1.408428217363309,-0.41036297347723477,2.155983205852095,-1.2963777071568392,2.012660486100374,-0.14225233188253256,-0.03302662083740512,-0.9611177195332624,0.21317619720979497,-0.43456445703498114,1.3393266903215386,1.1689008719395602,-0.13208940603153474,-1.5958420499544994,0.01734296619052981,0.7226826332746263,0.35639443767539386,-0.08404311123530592,0.2677047295580392,2.0712642638817247,1.149021179816708,1.107432408935868,-0.15776934131555828,0.7630014190217336,-0.9962751251665549,-0.5832799818529468,0.7867207723169024,0.813482014649295,-0.31154921188515566,-0.0013557211050216984,-0.7074470998996134,1.103620606941005,0.9531140767106782,-1.5958004612793222,0.5888429211726242,-0.654380589322247,-0.5873669538007675,1.1364456532731781,0.1945702858949641,1.3470786868015268,0.7763398177507848,1.6694171645189415,0.12590122537509305,0.40450868249957894,-1.0308805443472555,0.4142800448743346,0.11827674542412302,-2.330279497970302,0.48622669061407686,0.04681328217470105,0.9354209686525282,0.09510933390347415,-0.5091330064997942,1.3453556966697864,-2.0722996492980235,0.49940428912491674,0.3653993468452264,0.8440354255469903,-1.1500955611470216,-1.2299768157891489,-0.38512273591913265,0.46227121455566605,1.402660024266961,0.9786221383723422,0.6150776956161412,0.8240513672724876,-0.6535284600436967,0.7136738227208229,0.4200629091417951,-1.4236970562078943,0.06260918195530762,0.39348658966164946,1.0864832957406307,0.23252239737371078,1.815475747877984,0.8787219830054337,-0.8629464075265655,-0.09291563664826662,1.086147413715692,1.0947480155227767,0.4907759531100274,-1.9036700142251273,0.4055507696117732,-0.9730324587008164,-0.6331610519371352,0.7553983575435479,0.9690797763700868,-0.014559804453163334,1.5304717147783218,-1.9528945471937857,-0.20950492823607558,0.9254977702165136,0.7390026313113615,-1.0588148182770942,-3.328389790990909,0.6153764244730184,-0.273877391062643,1.6255878085574995,-0.8835237225053341,1.2461856920102385,1.0007187642309603,-0.2621747386550777,0.7393324580554391,-1.0654528552881881,-0.31371809126162803,1.0409413581512295,-0.38431269864694173,0.018068826167853675,-0.7412956993957697,-1.6434230640008038,0.35314465170609605,0.32490069943266214,-0.2879683764978636,-0.16356239258717295,0.178863909203287,1.0366186953684609,0.7304410873490222,-0.43662829988176827,-0.2625207380091556,-0.07724653273833672,1.8021976894583331,0.8818697214293014,0.6484927838283888,-1.0114525024405805,0.5486496112233888,1.249286169927863,-1.1183868179041225,1.899636036013049,1.7925054014903918,1.2299588280650493,-0.6242576587631662,-0.5096714153911532,-0.6433679926852836,0.3209757651810793,-0.5802076818934512,-0.9066014495435353,0.26252338768153205,0.7261134947798892,1.3938916315893277,0.35619213712930486,-1.3967833935883618,-0.5985088278634209,-0.9041498717291225,0.18495826696806503,1.4313766049380425,2.2883470042659733,-1.9664357221847635,-0.5773876544493519,0.1936816984838256,-1.287906285502034,-0.04331701811819884,0.2981036585149746,-0.282136613374862,0.7839576217023844,0.7794685878020394,-0.027428360483065253,-1.3173425094353666,1.4055328097824846,0.23286693744604367,1.4358274731664347,0.8727972651664008,-1.0846626497613976,1.3881190598075328,-0.20965197575463837,0.6527622394068693,-2.0653844546859474,-1.0133366856730766,0.5831090940586068,-1.4236038246558185,-1.148609544179728,0.5487440218950732,-0.12789017227978453,-0.17946439874181963,0.08963514745386827,1.4455662495194588,-0.35044126547079596,0.9632602842484431,0.20144977495613967,0.047063644832621675,0.24064799564212003,-1.385004878301697,-0.3641836415162428,0.7289799338579875,0.6293801165988283,0.0038855401919040597,0.8483597316063868,-0.018933813066063693,0.10813323053062467,-0.8829841734691772,0.7422075692442188,-1.1607719544075747,-1.422772642283199,0.23020683113435517,1.9939258485557454,0.06187154908778482,1.2730609458337965,0.6706376404875188,0.3570513851846655,-0.18190319869996524,-0.019275248188343832,-0.09521729533593001,0.5552833872248752,-0.1795110499970538,1.1418163861347779,2.1381938607165445,0.9446720144302316,-0.8635278814004975,1.4497318006917617,-0.9679415689421018,-0.8621293565667584,1.2332729057546876,0.05304244114483596,-0.2622490941238,1.0503300836751626,-0.18596609286985763,2.7864013157908865,1.0103669691372217,2.001327370514995,0.5441640582715275,1.6804109171549362,-0.8571687756804658,-0.13131554991120403,0.49944479975134476,1.230700810458281,2.1273419689169746,-1.6040164813836013,0.48048679389352306,1.003797486567279,-0.8995855696196087,-1.4181947793184941,1.0187790365773743,-0.9495738170659801,-1.3904751717800117,0.805571330045993,-0.1374013137976607,0.3298770735389776,-0.7179385122770237,-0.47936734016417604,-1.1094341597563817,0.4379293530205585,0.7109389978638085,-0.5155746239964035,-0.5486886054475937,-1.3119972586265956,-0.45085437486848867,-1.5923732500424839,1.8914103824644863,-0.8600061730873209,0.13045508009721984,0.9898919693797591,1.8641894955336191,-0.03802296093232659,0.2501238031831748,-0.31104660470513124,0.539107971974195,0.832647902388691,-1.5804446170975928,-2.261460937261635,0.15965837300028593,-0.030734541453908353,-0.9976741779898991,-1.7971669282639275,0.24466759093835277,-0.02964813084837628,0.679630502793876,-0.24926525651812756,-1.4669203213992856,0.8551471260646477,0.7111352436123928,0.8329520446498283,0.3719470165769611,-0.8719795574829582,0.4413171932249414,-0.7222129281879652,0.39860852249514006,1.199092417310388,-2.1320948109157833,-0.2557802164191592,0.9724684391951216,-0.09494637822138452,-1.0260729877217103,-0.14051565376635033,-1.0956093793554695,1.2554893760158752,-0.8544121700708285,-0.1852540377498209,-0.445320246265377,0.7080775638875866,0.14160129652563025,0.6872105229772059,-0.43479032229533354,-0.49409876487814797,-2.0936093026495834,0.7607679512156731,1.1866896995614733,0.3409235788189239,2.7112287694282413,-0.4257482875362262,0.5681414944854466,0.4612518199299164,1.259166732387632,-0.012930103445136693,-0.7955695737810349,0.40053652125520794,-0.7768886224435292,0.25315456641183787,0.1351500021649748,-1.8881107782435564,1.09183472645861,0.1617608369906411,0.1718427772158805,2.0102323914604505,-0.5900805539812467,1.0728171032212082,-0.49935291484861216,0.8837678695741237,-2.3467037251989007,1.157966541612642,-1.4312864022152458,0.7337397358124453,-1.3277050569248028,-1.7371843300769856,-0.8985864153842668,0.013157006258684751,0.5628883973988518,-0.5904461542358465,1.159647473813904,0.8104663857311122,-0.8873028770639169,-1.0674137755989002,0.13747088489515444,-0.19624384080937388,-0.9066941991826258,0.5434843105927654,0.7477577422957086,-0.7650084596611103,-1.1533472305626156,-0.06489486718583942,-0.6203534316550922,1.23721523759065,-0.006599637165645873,0.671784152373093,-0.3343867094861871,-1.5628613212506477,-0.7669680662886059,1.8578929246888096,-0.9060966835358687,0.17570822022058788,0.24301439574382344,-0.45376618797108215,-0.19408180182999363,-0.7656768089257213,-0.9806075516789408,1.174993757340754,-1.6294436626198006,0.6146321445496568,-0.6470006019590525,-1.5880301547593645,1.3344759575597034,2.8820819452229283,0.7022547183453237,0.1966545438294832,-0.5254209190088048,-0.7362297627042308,-0.4883278206098152,0.11592995185349601,-0.9054351398460123,0.6511778393862625,-1.3846766050732255,-0.38434812378822925,0.3419467017282181,-0.4216766720597085,-0.5741291575150348,0.6795584207944426,0.11736115301072651,0.025356629859954287,-0.2819806393493081,1.0265207308108497,-2.165638670374251,1.2790512360706727,0.9337568019382676,-1.1558369530412513,0.036347908407038554,-0.3319018027508194,0.16649779987051003,1.5012694055602733,0.2960601948961576,0.559765096405624,0.41503087030049945,-1.6662502917371889,-1.4254657988858013,0.7476406364988847,-1.652752296178664,1.4611980996850613,0.8786391873216679,0.3811961579813752,0.2861123108687469,-0.6177987877848113,0.5177266709223527,0.6967810352390885,0.23395059259763232,-0.9703938811188028,0.3619384246663431,-0.28413388848209764,0.6909472455144227,-0.9409826677459825,0.27344631120362334,-1.6493988869273748,-0.26285390800491437,-1.0422930627525875,0.11785013389140227,-2.0720216699418956,-1.4916168630626723,0.11680770676779947,0.668230556884114,1.1000913421135705,1.629102749987261,-0.08547339070221442,1.7101735354295655,-1.0629060368977186,0.12463433180686545,-0.3488350581840279,0.4318489024245108,-0.326279366658154,-1.5072533799516787,0.28334779594690035,-0.27952119736742415,-0.4320323458230262,1.5663140744725264,-0.0449786305398332,-0.16018672119204347,-0.49083938454514453,-1.6338794526440492,-0.634008812031301,2.1111591047969975,-2.12739203951835,-0.26392522279618547,0.24037632170304876,-0.7580271868660118,-0.12070816441101524,0.7958362777828296,-0.9401035744341683,-0.8942495018482822,0.4550409411900198,1.389015324552319,-1.7956546558234556,0.4514474352561762,1.4863977919176707,1.1277795379381614,-1.5424567939876033,1.7550166364346227,-1.4608599935812994,-1.2154259974986203,-0.19734888487067745,-0.5469049354596816,0.02331295587815114,1.3592976500999452,0.6824174925708999,-0.5961931953581943,2.180372318900904,-0.7754395416711733,0.13963011439181455,0.4141313713200147,0.8829783819737242,0.4498108254924921,-0.38844448221756905,3.0802887936675316,-1.636600445186759,0.5222738279998962,0.5215098130418017,-0.3915119458643843,-0.8654767381030641,1.4894325284358099,-0.6679498491263259,0.7295572290741054,-0.9845615343467403,-0.285566111443635,0.22706381028589423,-1.4996622376807769,1.7500887227605002,0.21690079138252857,-0.5709887667787079,-0.7397333845487206,0.6111940514696884,0.8566437580900991,-0.829061704194093,0.45120562749571896,-0.7226131344649904,-1.20687332687263,-0.2644198902642912,0.27086950605711985,0.22075202575438677,-1.287940718906498,-1.3698682629174819,0.4527758932407571,2.278261182660999,0.2549406227517507,0.062134067332250235,0.5983306539231958,0.847870541217025,1.670921149770136,0.42571588623477463,0.4560676600757051,0.43556825865327864,0.8815850696204423,-1.8861002191074503,-1.1917103590175806,0.9016361058507665,0.9449910656953211,-0.5311605182681093,0.39354548846793824,0.6588944055964636,0.5802460726401604,-0.7880027322156512,0.12115438284438748,-0.3975509737168602,-0.6516824062386902,0.7910281653345443,-1.0681653840312615,-0.38422814032193114,0.06874273377435004,-0.25192931945663766,-0.5584628513461515,0.5059793785820389,-0.1603480352415094,0.1747084692104432,0.06073043557603583,-0.23076506593657836,0.3937553354431857,0.925903369467136,-0.0419469029542987,-1.231322393954769,1.8629857920572583,1.3069853882220461,-0.19890383968904868,-0.5085258650068554,-0.28397825997998793,0.06356920231465689,0.5962142922118068,-0.10128211156009655,-0.9713857512056696
-0.9519767974058212,1.072602529493437,0.9718923729296114,-2.20342472929909,-0.6048789577053273,1.2600336323154548,0.9770186402047205,-0.030539483645668157,-0.17593630439762822,0.5119370523405847,-2.1931505737042927,-0.4261759260286796,-0.6284180680531951,0.4384054333095645,0.6421922598950536,-0.39705417632474416,1.6057585698783607,-0.8270687428745701,0.2859962436641907,-0.011662898336104387,0.11418763083953536,-1.1378212064395172,0.6805686611741434,-0.7819593976030554,0.2717037241412771,-1.8094517123712228,-0.1586327820132215,-1.063091554425074,-0.6408618269729093,0.9026618052987042,-0.4254491865398684,-1.0267416621610812,-0.05551928091146939,-0.3061074817281153,-0.14956404495308137,1.6229281218739928,1.7509434425034793,-0.9926350460802721,0.8170637624972108,0.13702614182313738,-1.5760354050634682,0.9721937121407992,-0.29867978479475066,-0.8755092886806104,0.5852598934156392,0.04107215438756294,-0.6604639374225183,0.3446050314675542,-0.37931039333254185,0.347340990255682,2.2858732362643956,-1.6520731970528622,1.536891750438995,0.51782204069356,0.6954262390775299,-0.47979653759633906,-1.1610054151779736,-0.04971560919691748,-1.2932471149919493,-0.050602004417757744,-0.678869060880117,-0.2600449686922078,0.5399863595342916,-2.4450076588986187,-0.04347371273406015,0.3799994501944822,-0.4771140504975913,0.2771317581477526,0.568109786536165,-0.31442184978186816,-0.1744886712979381,0.6625203081480378,-0.8453337544959664,-0.43140670377588586,0.6947419779704286,0.9744564933239463,0.21931178249442432,-1.706973142478719,1.5292599216155351,-0.35515100525085047,-1.3364702631625893,0.11949173040650105,0.8381519545052407,0.6375271375943291,1.0584647448803612,-0.35500782003466325,-0.665719084133787,-1.6032207210255327,1.1158857814730607,2.1749302067132055,0.5207931193764017,-0.45855987567980955,-0.17615481593913923,-0.028789030385778076,-0.16994940098127007,0.7159813184683395,0.856480777043387,1.6226513131143279,0.2486983161943217,-0.9299846678058956,0.07335264504945072,0.964756485445156,-0.7703529786449805,1.384433137976233,1.5281151674440618,-0.3969698984553058,0.770858295991236,0.10099285904360478,-1.8232366127656932,-0.7448916261387246,-2.6159783155350356,-0.41687571286344727,1.182138592446994,-0.057602183597521756,1.1839570190076498,-0.23071978661590695,-1.1802642720359025,-0.6337138814795412,0.7259046365518448,-0.8656275882800402,-0.6202124343413852,0.14151971968868154,-1.1346927221319336,-1.4053399497781365,0.6566811536271173,0.4767212080512621,-0.24867596469880046,-1.0761706237360886,-1.2457312047655567,0.8614390858908195,-1.537884678001585,-0.5874840954111418,-1.504736806268873,-2.1065182475956385,-0.06415549969950136,1.4364268296661442,0.593754838379906,-2.592271558810302,-1.6495065891864304,0.5793217963868013,2.189718146347102,-0.6719528137989967,-0.5696721372463711,0.06707515038372755,-0.5764410969334093,-0.11540803500637818,0.7091834482878483,-0.39456799404445203,-0.989059822755126,0.46897723272567887,0.28724594870438325,-0.2586231784018995,-0.6007382785485947,-0.6997414848031046,-0.5345587456682981,0.004982158998950193,-0.3923124993835603,0.8914123367464086,-0.02526083903262561,0.46406441084822353,0.7890566382555992,-0.777626437053452,0.24555817701231597,0.7714655506168624,-0.8002389914421828,-1.3674753495885257,0.7853319616494061,-1.2232132163618525,-1.1512881676890536,-1.1305596567732143,0.02704631016009434,0.831962584524029,-0.33836932776795864,0.21449169751276728,-3.2640628456221976,-0.10742570976312933,-0.8223396829943985,-1.349815134410946,-0.3415379062352304,-0.7901795379085573,1.8516509819198304,-0.01592836076637887,-0.11439415593857644,0.9949691848983616,-1.467225858392933,0.5945956535930788,-0.26442580668562965,-0.690601360212485,-0.05718539840152563,-0.6175552298330621,-1.5559376406066312,0.6622583761579093,-0.43107838783327806,1.1556205558698471,-0.7522619917017036,0.20181660773284252,-0.7951840249164775,-0.9850024565201568,-0.7667161925510741,0.5007397195138058,1.5751751923572481,-0.47021443095781223,1.5535234977592862,1.170994653294322,0.3385242755927685,0.39844624182564553,0.11408407934321452,0.3563186010397021,-0.5605821539512875,-0.08831978497479331,0.15910888370047693,1.3001498224151153,-1.1247676037811485,0.14544423308327417,1.2204947465881724,-0.4767211393381827,0.24823488720042627,0.7342431636461546,0.015993563188002373,-0.46699463341873687,1.1293997352193617,-0.5335325008883298,-0.2103158830436013,0.5378182670765699,0.4191300967819126,-0.03897568571776507,0.5147416616573167,0.11873621453927798,0.49252455533523215,0.6231790522608098,0.12500291601633837,-0.3606857023583853,-1.135448583483323,-0.6390713719695863,1.573562911494164,0.8218436468911309,-0.27601949961269073,-2.70188919009753,-0.04913570808460494,1.013009255971876,-0.0855369143576718,-1.1008031895690553,-0.09425478589699537,-0.26019883071644184,0.44913790596747083,-1.679221934193121,-0.3104737792381013,0.3736097916029452,-1.3472277794258,-0.10704521992774635,1.2542596550573963,-0.45624798624259943,-0.08653747559371126,0.5396747934983239,-0.5180325128129863,-0.9560138936179946,-0.5700959217127364,-0.3901824786940974,-0.12201925629523225,0.8561323593287918,0.784686174959912,0.046456576940840856,0.3620605458077477,-0.08613477968326477,0.27488164545264604,-2.269787410381687,-1.2959616802948999,-0.05797450982081244,-1.4788074838354108,0.12677093745937287,-1.6373392606468875,0.6495003327510765,-1.344412794919111,0.7990913225110368,0.24141369274298954,1.2302501792703122,0.5615509358655402,-1.6639352680894564,-0.5118023742871274,2.0775631152246836,-0.3194801555149449,1.1627438616453059,-2.459252932575674,-0.7793841186609924,-0.266161958608965,-0.16078850113484228,0.454870839285934,0.9068045435225689,0.521447757501805,-0.04272499855694424,-0.15352956080047805,0.339989043071269,1.879080133253173,0.18231217901026087,-0.4866296518618595,0.8296941407658608,0.3112953786308745,-0.5285493043768726,0.1342259122216555,0.14939941466444545,-0.7407436939447397,-3.046342472465898,-0.10393670784581403,-0.3264686847973371,-0.9873562542537176,-0.10749596313202066,0.2486295410337877,1.0443108349837993,-0.21416240211077464,0.4092555606735898,-0.9752148610915762,-0.5474589959785939,1.416766425235525,0.41841836210074956,-0.41693810095091505,0.3654383902241564,-0.7125280437900018,0.10789608276248372,0.6523134747739294,1.2767314032409138,1.7309316536802744,-0.46855109859678895,-0.5041313381117182,-2.7254439336270995,-0.08986240015366824,-0.8696539493117994,-0.69186944738267,-1.0460603834675204,-2.2024412567101033,0.5342199297013809,-0.1276576231087309,-0.4673763953101801,0.9595829487291978,0.3236613543918912,1.0317969969167982,-0.034743570275251025,0.2379672993797468,0.06729455398493783,1.2668335663906636,2.029375876708693,0.5891634939258162,0.7525523670079013,0.5958916876009379,-1.246433136261644,0.31644637230490086,1.4707784616120936,-0.5723727666138831,-1.178786200301443,0.31159156088629897,-0.7999836185727524,1.7403857452250915,0.8459666112116465,-0.16137242907938124,-0.9006747317833536,-1.5161001703497345,-0.5749441651571643,0.47635768228991,-0.34083593431374165,-1.25479047670645,-2.0895815103364437,0.07900738762965082,1.0008685490257045,0.6023968638708903,-0.15294069456148537,-0.4898625152903871,1.169028572503641,-0.6684011085146134,1.9462253390476385,1.7113410629102472,-0.2564401428339213,0.9061580269341398,-0.2651974937775584,-1.1465828185994111,0.1772133064245361,-2.323440154504718,0.5024193206295801,0.8759106689622613,-0.8066448114293611,0.03187124805850613,0.05094747957189083,-0.12173191656177598,-1.6980677067302632,1.3497251935636028,-1.0212832823817795,-0.48613528684188323,-1.165356741509215,-0.07725215392618978,-1.5062914378917904,-0.21811309047707206,-0.029903130945414583,-2.0174092367574588,0.5276099023663866,-0.9257461375942719,-1.582441053025648,1.8878426865542584,0.19888710052979724,0.05674625891022243,0.47538996840032327,-0.6230250546778879,-0.7942253559643957,-1.4657569578914202,-1.4510886593062873,0.13759282091464095,1.2398421890400673,0.08920838896787238,-0.08174060539774765,-0.054290157095628844,-0.031867097488586675,1.3646321864636524,0.7218250603960207,0.8323773963506133,-1.9903864531742061,-1.931883656767083,-0.8291464631291451,0.6928946996301891,1.787955664004938,-0.22494472772523705,0.8243960194109653,0.6209782972901321,3.086259208911695,-1.0924881787259901,-0.137898722790123,-0.0983278255167246,1.6843374818258703,1.197087235258639,-0.5150104295669161,0.22285138002898294,-0.9972698915654433,0.35090591898590506,-0.13232794025028163,-0.3991931056993831,-0.5268761114197829,-2.878275341665146,-0.6374231259666988,-0.6712399114597416,-1.0854361256486806,0.2127418148320972,-2.1756528745300296,0.3700023616614755,0.16186645762985674,-1.1238993984254821,1.2189875632953258,0.5318844946728912,0.053412806124530775,-0.4123500344047821,-0.45247050859836396,0.9655823827143586,1.001236100904309,1.574183933528441,-1.5227034395818013,-1.318414920742064,-1.1999536072952979,0.29152729711981723,-0.2548317849536512,-0.5231625240569263,-0.25354325720848,-2.627374512558134,1.2897284286591366,1.0021163382297666,-1.0206098245007837,1.786330353924386,0.2992258296141669,-0.6270721690639662,0.605588270584949,0.1793244815918655,1.4294602347132985,-0.7658022222625647,-1.0503805462921265,0.3620152025505872,1.1296939849602368,1.3306459791468401,1.3217240444273566,-0.7628219926228107,0.9831478101296119,1.3022168992889822,0.6842787971082396,0.558857108620729,2.5179814619255496,3.0575954490270685,-0.35200393324251317,-1.2769366980177672,-0.45666526285024894,2.3167795644265277,1.3157691905993125,1.342143249719916,-0.5526937953360715,0.5983111774326442,0.7672832644213806,2.0358523113578544,-0.20411865245718108,-1.0720878050051164,0.8638477527042556,0.2970345604753997,-1.009190585231084,0.5982244764067576,0.3686340789264243,-0.5227701424118893,-1.4172405038775857,0.8868269495970538,-0.18924084476007727,-0.08631918690174886,-0.45980698385774266,-1.5485833540724827,-0.05397375685626569,1.8771194753179326,1.3116336289492194,-0.39515104646289145,0.18630092991812078,1.360478910486258,0.6131703591616953,-1.1996190917661391,-0.35911319472469155,1.8890023731873482,-1.2993482534245742,1.732133344953584,-1.025079763682509,-0.24567566123891296,0.46078600640549494,0.3715488698456149,-0.1736374230479105,-0.33960558383689754,0.01510533248815385,1.7269849479662462,0.8059450136278401,1.1072096438966756,-0.23394984930481663,1.136190981413788,-0.05653243348584215,0.20059661571879173,1.684269120409068,0.7257616601667135,0.4520028451777286,0.668534077275127,0.3564211196607502,0.8672459793954327,0.5112819602877363,-0.4091870124180082,0.4828514731207106,0.9088991889848029,-1.1645991439677985,-0.7677725409247331,0.7773874355438474,-0.6542608348292384,-1.2961492797742646,1.1066481456371382,-0.7009046175007403,1.1700919451932714,0.348088501822284,0.5089455493102302,-0.5802728029914368,0.8730641937633785,-1.0397280680575665,-1.4411743733459157,-0.6924359395237888,0.9491633403724807,0.6323319392169827,-0.028658704608047366,0.17837014799685297,0.8769536934326485,1.5483416051353431,0.5935241696095086,0.5068768751749984,0.6144045236719559,-1.0377510701907393,-1.0555587599598257,0.17816990859167367,-0.9984542282771559,0.8346034494053299,-1.7253378261461039,1.4314885496781589,0.9205962036825526,1.5015116734889706,-0.27934479256722067,-1.095195929848822,0.42083366118040455,0.7255365209506707,-0.4822340569002873,-0.09285291553160398,-0.870059902886947,-0.03954057452557112,1.3711862995037578,0.783959379541404,-0.9877850902146388,0.2941083907989068,-0.06569160514502415,0.4737041993245216,0.4421955001096427,0.949684842490001,-0.5026924292773362,-1.8240487773091536,1.1043880354638234,-0.3680576060973503,-0.5690137177882726,-0.5265908553798517,0.686196361436819,-1.6123092834730384,1.8091049071714136,1.6483353646739405,-1.1468164568946315,0.4248063154357492,-1.5891932381561507,0.32369399347812144,-1.0724956113339645,-0.08771237900534712,1.900157466108994,-1.1553360651306441,1.0169710278217812,0.09753720952016072,-0.7562775207602869,0.7662876996777169,0.8786291740841696,0.19579251395564287,-0.31699008387425254,-0.3412927576186597,0.8022168467629279,0.8662234141245505,-0.5657679083371977,-0.7185539036951111,0.7975432891226004,1.682612711288576,0.38451371553812025,1.493706062714098,0.1745889059897294,0.0765787471441726,0.7352646109956158,-0.8575728695549015,-0.4293898301000379,-0.056103213142632245,0.7025433487220853,-0.7589187867246469,-0.061720344281629744,-1.1940646068914116,-0.44011861055136126,0.23715219850622946,-0.3912952773534195,-0.6941499915674169,0.41080605589410724,-0.02929365591906929,1.105172096311405,-0.8033241440708399,-1.0052061774031522,1.562799699941896,-0.9179944166300287,0.15189087906126783,2.9784593527942262,-0.18625692224181928,-0.7658231911188575,1.6283606511980744,-2.0627601202348558,0.014757162711593424,-1.2121532208073411,-0.5249509892068439,1.820424650466637,0.779517728897418,-0.030924665242241033,0.5442098225359128,-0.8513733432476566,0.3302958725835951,0.248914320184084,-1.106211809958007,0.3521109000864263,0.48402354896977473,-0.49588501050988093,1.6420095581236718,0.9323759669175031,-0.4605197471515239,1.693158645024839,-0.439497980986264,-0.5124782055985204,0.252649617770698,-0.09818835647521741,-0.11428886246613956,0.6847836124514107,-0.4050609778298644,1.1116462635065403,0.07476762555267255,0.6573713023883812,0.6363858897009113,-0.13292422382838623,0.11483860954420388,-0.1896984075663601,-1.0336603678135465,0.5767176145635041,0.028082020168764325,-1.7764708350175826,-0.053700138888824904,0.8432191045239871,-1.2356189777072322,-0.15433620521676644,1.3253376722564172,0.6138823753257004,0.3458530595980391,0.22343604361305688,-1.2871243339307867,0.8565803595935731,-2.540952618198343,-0.14205083103908347,-0.6189978743655244,0.11665035350165853,-0.19420401308198695,-0.4863392548640421,0.17449973271722638,-1.8974884822549651,0.20482576849165607,-1.4830200211481257,0.5763293508619386,1.065580515964515,1.7229186874646207,-0.686717693682506,0.21472842730336564,0.0155327474151457,1.9138987788084192,0.09144566669706884,-1.277806814864818,1.1529767134846047,-0.5910607580992557,-0.8630259412278346,0.42129083970742526,1.6532088763524113,-1.8386912076332818,0.22368426517694925,-0.4390298679315466,1.3422901232147928,-0.04143491317511973,-0.6522953063257515,0.2734871506728164,1.371671746857439,-0.0648109880761449,-0.37371765611567964,-0.5447926427104324,-1.503368262484092,-0.07245607223288318,-0.2401394172030128,0.1586915705245479,-1.1567089695771011,-0.346053427001296,-0.8714018782878099,0.614165759087708,-0.7908896611465274,-0.82535514957986,-0.41156467501193983,-0.29699124540101834,1.2581773345946738,0.8580197017390341,0.9121241497330294,-0.7576672926655288,-0.8960831378719644,-0.46370904128758517,0.8977272850495049,0.8985878986573397,1.7991778918496566,-0.04286314940556149,-1.0847230922462525,0.34277947553224264,-0.0523829026091815,3.484513169864491,0.33632254811960965,0.48037884604992254,2.1024937667341566,2.439016718690992,1.4054508268213954,-1.467182834947913,-0.30741911265512145,0.0474050621708378,0.6636928625723528,-0.05771292585793059,-2.0822810724371608,1.5116495350997325,1.3959382763429236,-0.2469084518873425,0.09022598318730742,-1.6057984830244796,1.8025427671739345,-1.6199979722339977,-0.6246781639057437,-3.1978835245179993,0.6796885801883642,0.14719974006277228,0.9404760997684449,-0.8365433144001703,0.8373211870362952,-0.47600457560602716,-0.16357321005615727,-0.1664918441624655,0.6653336856340688,-0.24129224559089069,0.8810315076083252,0.23668709590476725,-0.13807272781716412,0.18604798933068978,0.006341782595156282,-0.13028451547969094,0.6056838604837477,-1.0205683456005386,0.25165053926652453,-0.1581469550435594,0.894079336689883,-0.36391215742787913,-0.18834920395303642,0.3463298520685541,-0.17294240458240992,-0.07983897713033199,-1.445509325169507,0.49417797107309464,1.6758012663830697,1.3796948378779512,-0.5080224909916178,0.6986341937461601,-1.5169641780794578,-0.7274470811458653,-1.906308451326373,2.196993093025392,0.4656451284890007,-1.2368428152480484,-0.9159548752362144,0.6953613066980493,0.6112484985555188,-0.8507936546118112,1.0880764823584481,-0.3561968936638897,1.4802315129264563,1.7553110923649244,-0.4162258374896186,0.02335363458980889,-1.6132741010017881,-0.9613052158055608,1.4802081656883543,-0.3455957560598231,0.48587370356374016,2.2813156409860174,0.05317474721695035,-1.1826675521593322,-2.0698960633406918,-0.38307349860208645,-1.1259987423252371,-1.4085457241649821,-0.13994141778845734,-2.1858968236075165,2.3679516579277307,1.015322871332822,-0.3747217608273315,2.095778833463215,0.691369655123162,0.42238322184315136,-1.5594469862267784,-0.19540188785305768,-0.6964128687667995,-1.3606401947192797,-0.9075018417413636,-1.569095237857399,-1.1346334545017775,-1.4327463910516383,-2.4931816551733346,-0.6977028542453947,0.8358014814656208,0.30277288827311716,-0.19390034690371888,0.19138884720966282,-0.317122018942737,-1.16332253298991,0.6116388865558162,-0.3173828194245423,0.1571402594866558,-0.25242165618421636,-1.255708042239718,0.5293260745235606,0.0006895761556325104,0.1366976821862495,0.5328691444904635,0.25542744517662624,-0.20076434526342282,-2.3607118781197496,0.4045916044144662,-0.003924271709286945,1.5195183813005675,-0.07169743649580718,-1.0663217256316209,-1.086119225855888,-1.1024437793470516,-0.20822000804343313,0.08342647594788018,0.6791560399520173,0.865571159592531,-0.6067692704419324,-0.3762788476043434,-0.3756079571909775,0.8419856047159578,0.16875178756925183,0.33923095509699847,-0.44720042681598876,-0.34002821837608244,-2.3618957732379267,-1.1405058799924976,0.2002615049805806,0.73053858146601,0.2154880431210659,-0.7347773726173636,0.866417018873209,-0.7632397619756184,0.60728624985815,-1.150655409758883,-0.6036794708453215,-0.30688527089914464,-0.4341246036067877,0.18357581768035441,1.2176587427653391,2.0911477705545107,-1.199366282146162,1.082019145902211,0.7711429682650857,-0.2704866653487198,-0.5706338160746901,-0.38168268046469195,2.7260303198012745,-1.9111250544772125,-0.025638808942065158,-0.29629302274385727,-1.9976198957150983,-1.9054371333860576,-1.5619824929706183,-1.4029371328262705,0.11017767384149126,-0.3467934687407001,0.045959447365103816,0.29181320591711707,0.7558650009471947,-1.5294398140497523,1.0967615337864731,1.0446477880475435,0.31103743198834627,-0.09041904273157296,1.2702767985880499,0.33770918426326885,0.6898244278663747,0.7435793092250773,-0.5248619268022853,1.471179923370415,0.07988522635764876,1.923267090533942,-0.3241950601964469,0.44629217079379374,0.5665156461672012,-0.6793771745591448,-0.9980817944476509,-1.2453023825983585,-0.9238568668403654,-0.3190741203861615,-1.519772089810816,-0.42107905618397967,0.43247840612052746,-0.005599278103573858,0.5129647773386169,0.1999807862094789,0.8903446714205797,0.3384626208651856,0.8751354903240937,0.9433959529670448,-0.9255352041673928,2.7600418494291423,0.9179513444434103,-0.6665056739800255,1.8258896492198915,-0.10357823812672388,-0.17511733664794948,0.10812170031576707,-0.6381545423886199,0.9898933010963712,2.514073747198938,1.477586529034034,1.6172935349595796,0.04285924325114917,1.42007153955206,-0.34051861717540644,-1.0788898930054536,-0.19599245266828305,1.1434733071694245,0.20271754014893176,-0.28198924588322233,-1.0625903608353322,0.2828814546251212,-1.4527015642831274,-0.6692313644815999,0.9198052268560687,0.18275794008434584,-0.34148438649216195,-0.5503518366972305,-0.35227317468252023,0.8024995983008346,-0.40238400500406785,-0.22992273459049475,-0.615259714784913,1.850569712192381,0.9663755788025096,-1.2365880182566815,-0.9571785603949418,-0.9496554987875407,1.5579792920431945,0.6525815201057735,0.42922182403055376,-0.9774898630543764
-0.613172533220876,0.9474799723122944,-0.6831125545109931,-1.848266847679129,0.3730487149819013,0.9879377868794593,0.0007260362501348303,0.9926746777708878,0.61703367112151,0.04054758218599449,-1.7654499078695964,-0.7433078657530714,-0.24221679332737245,-0.36469224600329375,0.6887881433846845,-1.3845215480659427,1.46263657420875,-0.47723144892181923,-0.039640407256903445,0.19328134277603937,0.035736272547895256,-0.6331329004420766,-0.6177126019512758,-0.7052103202556609,-0.38443029025175657,-1.3545164173304005,0.19332983933782943,-0.6940011044820283,-0.6264999318577112,0.2223615083432977,-0.6894591981574346,-1.6629938681471086,0.09531758073536005,-1.0036311288328337,0.3603050408326313,0.6074817187179923,1.8911545116026083,-0.950483796636667,-0.267681849493838,0.8213463313022695,-0.7484528130056294,0.5641812328428439,-0.826995859665623,-0.8114971230391266,0.9325256684426868,-0.7687751798765978,-0.24265716528686268,-1.475043029449064,-0.5848677165539163,1.2912639619662458,1.1379409182958513,-0.7994403347756072,0.4493223507353244,-0.1028063893825261,0.616264071617956,-0.30231295351653353,-0.3555865841390593,-0.4444063324829258,0.16998277243231116,-0.31107277287255913,-0.8769688101855824,-0.3673505980270173,-0.4498081410088999,-1.9805767513134824,0.24301762083706402,1.7972939796648486,-1.7599806702127887,0.04489971605161801,0.2722373050319387,-1.2933891671791973,-0.9520344479955727,0.4450518243207736,-0.48162498475138804,-0.05344334982613103,0.39849987241548407,-0.728307130676536,-0.3341632247079808,-0.992851573882147,1.0050096812320062,-0.5535779135281144,-0.7300780078943278,0.24911493389512498,0.4987446966140114,0.4487367252391909,0.5895589599903286,-0.41044903209444383,-1.1932320013579065,-0.9645268918029204,1.3946665897468205,1.0070475950349775,0.3093780843941464,0.41622035829905246,-0.2749658191268849,-0.18264912239850256,0.24674722859767864,0.8499501600290865,1.063666799886716,1.2590617373774173,-0.13355590099697182,-0.7024651421428182,0.86913536705235,0.5246980491079456,-0.1141561048737067,0.09101650888148119,1.874014197520504,0.8873853682654556,1.3495059432245973,0.6406679066708126,-1.4430845572667612,-0.6202219269189027,-1.759787861113897,-0.38580119185973816,0.23493589912925059,-0.21688461071690845,1.228936199019909,0.10842654272962297,-0.3603606243451981,0.014862496400428886,-0.0814902039711208,-1.1036552092052254,-0.40350183701680203,-0.05591702081347418,-0.07331911906314086,-0.5090247387837916,0.768262948563614,0.7254146177843809,-0.7498118659610666,-1.4966796079809384,-0.023939840844271282,1.2705380370585548,-1.166905040683825,-0.8281198258887008,-1.3087870048366248,-1.7819977945087837,0.5835266977617847,0.6964834503518633,0.8293594057355375,-1.9474956515774504,0.27150095619175596,0.3946726495748833,2.1210439280046933,-0.17460602770624611,-1.2102375668552237,0.32487509815292737,-0.897031397711668,0.3882034013317757,-0.714380850257253,0.7089600930931966,-0.9649925948357245,-0.06418286521440582,-0.609322022006684,0.8555856895697944,0.381888894917524,0.21774886271345836,-0.9984679606910078,0.07029709691151445,0.9394089515529521,0.2425753870907742,-0.7941087421378726,0.016427523229387217,-0.561052275325329,0.27952348399389476,0.10209253080924637,-0.7371401218530205,-0.4949818835484469,-0.9395934747599872,0.9998768402236686,-1.1166000235409568,-1.1943209030344537,-0.5281345087536473,-0.2540185567027303,1.220897685017605,-0.7609407914084155,0.4065320038058105,-2.841162257396819,-0.6473671089070251,-0.4569498463193743,-1.1863304706201812,-1.1847869678956615,-1.8694272864999724,1.155014014791398,-1.2575987626061762,-0.5456718341614335,0.5742365356180892,-1.3433043989397067,0.12378204833959218,-1.5449430926111378,-0.6610985750519175,-1.0684053264327311,-1.3387272005977064,-0.41372301604791395,1.505282939284085,-0.8468279269289015,0.9735751959962816,-0.3123722347240561,1.593143056033002,-0.750569922369362,-0.7566197524031344,-1.3685168422678489,0.14041014914170094,1.2740617240550416,-0.6941914234612194,0.6054404395705671,0.21512463170555268,-0.32550589185375284,-0.04754022364506784,0.3509991481060145,-0.008968809986885595,-1.0049635653783031,-0.7755431018271242,1.0055214516935165,1.0469172819697068,-1.0442681173165038,0.3483760437708302,1.772260722365691,-0.7762632132489722,-0.37528986060498765,0.6038857237192524,-0.95416976786824,-1.8386365836720502,0.4017499930213572,-0.7114693737174124,0.11132272506331185,1.0227502041984136,-0.2613851045406087,-0.7477604847088968,0.22244915844936713,0.17233090568620726,0.6897780373414456,1.8015738114276914,-0.051734212550013044,-0.2624565450053263,-1.0648914895502064,-1.1351438591099179,0.984402740450413,1.0370459369353384,-0.10960747752654153,-1.902352999324295,1.012896201066667,-0.4465959156419181,-0.7550217308363344,0.3672909200432801,-0.7165996902711442,-0.8827287897480237,-0.0045788452588632605,-0.5705044836775955,-0.051863613721955366,-0.42663150244362646,-2.089225796127565,-1.311416256943246,-0.2667408276377576,-1.1671252486318415,-0.06983581469561992,-0.6208364842967058,0.09907124499212859,-0.929991307923907,-0.3464832896922989,0.01372975754752141,-0.18949943687698015,1.1103428602979275,0.26834337039859485,-0.9573668748669574,0.6005950751389374,-0.30102229466607067,0.2798847207640583,-2.3223892627624543,-1.6037000141833493,-0.09408017252635477,-1.0275936864225748,0.07182026847258849,-1.293046071457357,-0.21518100073045135,-2.586376723599358,0.911462442407119,-0.14876916838139984,1.1500316476680918,-0.21642035759511263,-0.9287818421153142,-0.8299440750714664,1.8223151641051394,0.41639705212871225,0.5488174825627509,-2.290008766720024,-0.3391867099791058,-0.3767360181531252,0.36214435107880333,0.6153693442504106,-0.06350530005194797,1.3640502366197447,0.547842408107419,0.20316376157983884,0.8365454836901365,1.3399043243468078,0.3499929594552992,-1.4784779708633133,0.45854657844767105,-0.0021349593828463086,0.0561332808158347,0.6880916619075573,-1.361637177575745,-1.7436334045283925,-2.066664079926034,0.5718998227305595,-0.2530023874680066,-1.386436521560331,1.0163566927071443,0.2935312937936668,1.1083695911892542,-0.007046225472417238,-0.3427185855887363,-0.5491083645970766,-0.3305327444597693,1.4192406038778882,0.22067603190308413,0.32223142499280294,0.049468010065102916,-0.49095223045555336,-0.34248614743077727,-0.5411063873064439,0.7792986722039906,2.490599862097269,0.4562139262330433,-0.07617771981164788,-1.8040679959275945,0.41121979737769376,0.2743974563081373,-1.1652692490936294,-1.569434049225882,-1.998012751884256,0.7908219911361243,0.0575759455155465,0.12980358516994003,0.7335245339056571,-0.2074923316110028,0.15521493251201135,0.13822706427095582,0.6512095917200265,0.4160179212853515,1.0738559940134749,0.8240833192697371,0.7343574924198161,0.7157668694723442,0.7161218566782163,-1.3594815086590948,0.585138751612922,0.9956700016408147,0.01579794370165222,-1.621077481714039,0.617923551013483,-0.4415068820254337,2.18979743658044,2.081255726460949,-0.5063208543324886,-1.8707921320658785,-1.5555983416267483,-0.6091663771619829,-0.06820983036793384,-0.0263350146383955,-1.2390572932793769,-0.9189312601906672,0.30943327960529093,0.3497171916389002,0.10388989195109669,-0.9799091118599998,-1.3993848812670544,0.5931419993963765,-1.072053092626625,1.733714246930481,1.163647901240126,0.6183294030337397,-0.33640203760557935,-1.0492695239938759,-0.6987948622114925,-0.26122620406187386,-0.9614990584296804,1.436752892660973,1.1022178933309446,-0.8789002858806007,-0.1905510492967436,0.06983380871369448,-1.1755979883579752,-1.7857482434743626,0.9912567854796556,-0.7612360863926722,0.17217411845670805,-0.6552347289596463,-0.30631877337635705,-1.1823078792173334,-0.40285895224537427,0.5585060217294937,-1.9248130213428778,-0.09197518429884376,-0.58095158135638,-1.3913117340858747,1.501855973172833,0.1734062085528078,-1.3395796303188037,0.4487461786396396,-0.35329392253942443,-0.5851029308059486,-2.175637488344041,-2.1748363106501887,-0.031787077341932646,0.4131291869989337,-0.4409141805640304,-0.3312256431233156,-0.7279686577700779,-0.21207055242800993,0.6322602127863106,1.5463356649528097,-0.06467168304220475,-1.7341752649745503,-1.6679824703157098,-1.9155278113924925,-0.5430478590298954,2.408959652450138,-0.12582387350258045,1.2880085607859324,0.8756843450625776,2.261135904040689,-0.6405848885767723,0.0062145836790443105,-0.25776959613793254,2.0813922055989575,-0.11360348655994168,-0.6314354498848439,0.46239453390655383,-1.4703103119831868,1.2200204512129775,-1.058191316876877,0.7758443310491299,-0.33918040724121973,-2.129456646094918,-0.0003453691268972792,-1.078378269185149,-1.514643089019254,-0.24667539553988058,-2.5248184642050533,-0.5371471711376642,-0.3968167552344099,-0.47228784893751746,1.131345992699915,-0.13384739234380522,-0.361784109278556,-0.040803341766022086,0.17795019744806817,1.5146507440333565,0.9172806775298138,1.5947906220008452,-1.244218826379085,-1.5034362382817936,-1.1950660400428077,0.17697595660524884,0.23436889619121795,-0.4490453271845665,1.750791268977065,-2.5441119501402776,0.8512949392634157,-0.2745093959950343,-1.004274610820618,1.927373320567131,-0.30592090739983907,-1.4059268700442922,1.1709759178375287,1.1671278777629372,1.4669220982557598,-1.4786596888012764,0.22069706463151967,1.3807166365939865,2.420446787783021,0.6392051244686108,1.5982441771724782,-1.0872852248051883,0.9914331169416082,1.536076076531767,1.5716692724103827,1.351953451190369,1.8993446737671964,1.3438945768875712,-0.8482096304065075,-0.6395289295111756,-0.01302621637335382,1.6770324007392519,0.35553154000037845,0.5731365872852014,-0.8346227433575503,0.7278189289002609,1.296040011052813,2.361862386791882,0.02153494741954595,-0.5044091391802775,0.5576141763358509,1.1813880260672367,-1.6953119494333364,0.2933795013611507,-0.03285784247010948,-0.5260343233890065,-0.9687924044540661,1.0608463900572973,-0.08182335539190523,-0.2873849050561541,-0.2993987271661067,-1.5542365644001626,0.6335699341168652,1.043594657511536,1.693289128456231,-0.8975370341166127,-1.6892702096437577,0.5967281347148568,0.3073503568359166,-0.4648359730676883,-0.3300981032254642,1.8932249790769473,-0.1623385865439707,1.3588307021546158,-0.850231352414509,0.6788532213223587,0.08949271284935932,-0.6619417879846071,-1.0272230197157863,-0.15264034817233918,0.6032520436838027,0.9610446711950678,0.7287130406396195,1.5729911526003422,-1.9127380128276876,0.3352029798316374,-0.18243639718605006,-0.2459608790704604,2.4778490921009864,-0.17320215792300442,0.7572449508691913,0.5896741343775205,0.4698108769901855,0.9167437381177912,0.13737129162373413,0.006341840579973049,0.08648917723190575,1.135906231855293,-0.41969162234071894,-1.7754377414869476,0.3234065348059468,-0.23632833009210982,-0.9640223029789462,0.7942973280510401,-1.1557694758864097,0.775478300979893,0.36217881567797783,1.1608020984517837,-1.146293343386999,0.23800104604461633,-0.8535260329628073,-1.6517646938365922,0.060695458082804694,0.8177301387426236,0.7514691975953134,0.03761198903361748,0.012628809241077158,1.4110495119258724,1.2206881054430478,0.25792631694854123,1.34187050929144,0.8954361084110369,-0.9741767959897876,-1.539378601391808,1.0870575308019697,-0.8584773857518998,0.3901172676521596,-1.2913981504080068,1.0077798136704619,1.965438221382389,1.8848835170230682,-0.8232627199406918,-1.8036639652346553,0.8329634240562325,0.87914223231116,-0.32139178618519026,0.9752522594815256,-0.41528048352731234,0.4615704992378488,1.3022491739757809,0.6426638917471198,-0.2887604858548655,0.15080865564837673,0.03628111939520695,1.2328771832336536,-0.7862863644538047,-0.4912540223481863,-1.026159007337427,-1.355516033566689,1.2401853079193073,-1.3845569158251159,-0.8187764353886355,-1.084492677465478,0.34904056049850357,-1.0811460493642848,1.3132313005216463,0.17419376207076961,-0.6309023148038794,-0.3780743376016083,-1.8636999616015022,-0.9189684423071054,0.03603164021969986,0.13146589492071328,1.4921785969099397,-1.0773280812370072,-0.48386268138791816,0.3305620168619169,0.21416076662395228,-0.23054118861275597,0.43690467384871456,-0.7575338446100672,0.36183352866653196,-0.2601814321685898,-0.23029923947781963,0.04446594561932536,-0.3754401962917372,-0.4759879268116924,-0.2336900586646097,0.7362509720141978,-0.10695879199968306,0.9633947933031695,0.17044514245271944,-0.4965703995157089,0.7543533311048775,-1.5913528079382397,-1.055166683455034,-0.013011255657009895,0.8677408364434437,-1.0467085706492263,-1.9109266774544482,-0.7922383146165003,-1.0726051063562774,0.5701898946370437,-0.6137032337524325,0.43074025071370914,0.6334680533516003,-0.08109598511450192,0.7206019648272236,0.2946091414562974,-0.6634431058737342,2.037482250365125,-0.23841842819851625,-0.027071205372708632,2.7665721854561953,0.27781790826635266,-1.2616858886410258,0.8760730773730873,-1.247719609737928,-0.5174933539614509,-1.2103118694668356,-0.5961171916389648,1.2356066189571153,0.9950903597851173,-0.6569934434792825,1.6643402433693797,-0.8372855899383378,0.08253461170894605,-0.37113773413391776,-1.8392339437151743,0.8300675076228473,-0.17025283822697793,1.2371299247437713,0.542955162746345,0.8103259847492099,-1.217281182198398,2.10778482195895,0.17828040163620393,-0.395703568096079,0.5228861931248183,-0.3941712211148916,-0.341837197482134,0.9223357626916714,-0.07349215317798337,0.6294653477312923,0.48949115762798967,1.472928178113655,1.0927235712905727,-0.7553068136386791,0.7102915349007743,-0.0320873895840065,-1.1508242691080708,0.6455075904597141,-0.5179324863389405,-1.8739318302307475,0.19718034394654474,1.6641619078084373,-0.4590861380912527,-0.18423110452325536,-0.10902000279187059,-0.5317577254607536,-0.3694526582739146,-0.09413955954491145,-1.2560466774309822,1.2822642336410583,-2.3965589700171774,-0.8115418571700088,-0.4635346150271967,-0.5253896931865479,-0.02379756641606377,-0.730049141121475,-0.2897858439887093,-0.9132295676625258,-0.4260857189033324,-1.3042002152638692,0.6947757416201151,0.5682451293586808,0.19115613804752415,0.36639654948566613,0.49686488773313,-1.4011828557559447,1.7248764607657916,-0.1615828411801461,-1.3489400708443913,0.2029696783528241,-1.7935214724801278,-1.1072307373808752,1.6289913429357485,-0.2952428399168768,-0.7059679019759147,-0.63370970003942,-0.6716149129664557,0.669977668077088,0.16427273118732516,-0.24802576253309244,0.11542771244047248,0.5441910426576881,0.790834090878233,-0.04301589457029762,-0.2553254086381049,-0.5761208452951202,0.28452766316347294,-1.0283627806697062,0.2058720183100417,-1.0471580305003318,0.05563878234197042,-0.546425363618443,1.7212314762201488,-0.15675227987578264,-0.9305406271810168,1.1134294445635442,0.4583368571042397,0.8951362592332875,0.654185771833615,1.2160482568697004,-0.9685609744262136,-2.257301792948904,-0.12828353810867496,1.3593797564633694,0.46636612452037846,1.1784885481622658,0.39213369431194256,-0.722951844319187,-0.1278896491403916,-0.48697122549942695,3.5799944011923213,0.009487348772723404,0.6968396147516599,1.2600562335840297,1.905094946446888,1.3618197571676294,-1.3792743951701276,-0.501318459626321,-0.10079386652957686,0.2928062820486054,-0.5289183123140396,-1.7598445787947155,1.3973046215086902,1.9361121214997872,-0.7920316232985436,-0.43025811744892056,-1.5899757147974791,2.057769012284122,-0.99446880869498,0.8327750975954804,-1.3544140047478692,0.23358919424071511,0.321463412283192,-0.2442181627997054,-0.9118891266766486,0.8427588865933405,-0.6243378789795212,0.11049483184762904,-0.4452013423150179,0.18324128292606343,0.009086526750218763,1.141239418679734,0.7009891259772894,0.527697832437471,1.1219864820417227,-0.4428936062231481,1.0978222418591266,0.03781611837274033,-1.1723412191125138,-0.30732747877721656,-0.10591147270000537,0.010857529590541122,-0.1374403607183648,-1.1107225332374822,0.5164594295537562,-0.2735311860547594,0.7391415583733493,-0.79869709676774,1.1317662892463698,0.568932161916716,1.4368238812377478,0.2974350155755515,0.4912926533560215,-1.6235075455990082,0.37744291431453236,-1.4489099204022042,1.2667009616084597,0.2575643604948074,-2.11468251288728,-0.506786428246164,0.39697306526543874,0.31969492937529775,-0.7804804072889437,0.8030360479833375,-0.6035422265352133,-0.31098240302861163,0.6735151662324081,0.27451763280356106,0.19881088745674333,-1.117543814265378,-0.23297566043471477,1.058654850967349,0.6905333713887855,-0.15604255788303578,2.4761985279756056,0.15268488169159744,-1.319997669587942,-0.79463137006006,1.2872194283132954,-1.065919456873151,-0.37644627583541557,0.2226487671048206,-1.1362089064260112,1.219880533070105,0.2603761379536268,-0.02309320882246992,1.3368086321522634,0.2119824684027594,-0.13433188533284432,-1.1405010046215343,0.21268180659098063,-1.2664374061919983,-0.8821507437956817,-1.3706897435899743,-2.1839906865110517,-0.5822315286663551,0.29159639896797335,-3.0403763389510337,-0.4840297426321053,1.2883980513850792,0.5943570682901866,-0.6879177977416953,1.243430262746751,-1.0553352663410183,-0.09710595213960078,0.4853508633361586,-0.3327399077948536,0.8208976371758727,0.3863855695172568,-0.5446974960606973,1.0655636394165553,-1.0108320034861147,1.8943264787592773,-0.5565732693783896,0.4590982303508114,0.9620010164469428,-2.855347880177788,-0.1736631828248609,-1.3132515698263536,1.1332039728955643,0.21666811088527585,-1.198271580238831,-0.8473330651730164,-0.7963317774449292,0.4078356328697656,0.43828394704358287,-0.17050527651498237,0.2122000355312513,-1.1689008546311181,-0.350278364944605,0.19972378035505683,0.7074853476614075,1.5923173317655523,-0.925585894014784,-0.5707206642810885,0.6560731040080776,-0.3992079797843538,-1.1951324931077527,-0.003957080468789693,-0.027205918269326595,0.5473599575619144,-0.41738277359929876,1.2279246018137737,-0.7460121222526456,0.536713339124331,-0.239394644126821,0.423844227065303,-0.011704997167963603,0.22203666265524832,0.20649576419222107,1.1867140415688755,1.6876400162189793,-0.8610678252703358,1.2619902904509186,1.0259595908001065,-0.7111853317664298,-0.6432176344616294,-0.3910295333725427,3.2191189810928496,-1.0430968289133786,-0.011522878502756132,0.4450455289785955,-1.650196605104,-0.99073323071275,-1.7090903318819393,-1.9354232353035952,-0.42541003088601564,-0.7494249327658936,-0.6845898409233724,0.11872376934087522,0.7732372533684135,-1.0593980207970892,1.586392817496377,-0.16928428381781563,0.7068452592144229,0.21512852045244957,0.9286030351819704,-0.7483447315152006,1.0581538000517148,0.5009462192874751,0.3943185674928266,0.6096767176602829,-0.5262837566315641,1.4735118024157705,1.1125715316722276,0.613117849206613,-0.29352794256123016,0.32924267420643333,-1.6816210432846805,-0.9122593846909673,0.12278366406380835,0.0017452296684527442,-1.3837173385713823,0.28688410113606966,0.9530771764253929,0.33648928248584903,0.26382842846377563,-0.9473221007337108,0.9029727880055772,0.24540124125874943,-0.33519323279524893,0.7615431523158723,-1.912792663186877,3.013163292739819,2.0565915590225385,-0.30191784710530767,0.5868094315765796,-0.01420541645682214,-0.6497421376629428,-0.026951410474131257,-0.40188878607511164,-0.286069252977565,2.316884285580149,0.8430364464424284,1.585616102159315,-0.8922094732170913,1.0723667456086174,-1.1937981610334534,-1.3793984836251558,-0.3688042123209228,2.094653973486535,0.3378696599388964,-0.7503208453869529,-0.6533376199283878,0.006258227502209314,-1.073711596574422,-1.4067513701206498,-0.6454870832728811,-0.9339087856225312,0.8628988085671612,0.5276156514057605,0.490636320949554,-0.22480253288360671,-0.2529685594543618,-0.006077232235232618,0.024739005074722688,1.9791728139889282,0.8641392759099642,-1.0699086245209728,-1.414839711297494,-0.5252766470486991,1.9157613240993714,2.1607790601926093,1.0123052568925315,-0.3518544794811237
-1.9104125642156493,0.5644959624415201,2.04491743344395,-0.7466676604429059,-2.1851045745512447,0.7365483151380204,1.236573606446546,0.20305726531133542,-0.18120647475076598,0.6628810566005525,-1.2449725981719224,-0.3004428465741179,-0.31206711091118416,0.6981281432656216,0.3623383130656051,0.35686375007492904,2.8354512024838168,-0.20372233512241014,0.7460334847024296,0.9342209339592625,-2.1421349307228184,-0.35799450835093183,0.7518278872351603,-0.35526437684665507,-0.25591207195176696,-0.7300132330850677,0.4562724681864806,0.017778663179164603,-0.28561355105152086,-0.3430976725758801,-0.5734302309103613,-1.730221915192217,0.8353458259009127,0.6868436936319191,-0.4865713352646435,1.4850232711359765,0.13701608138991728,-1.55916029027648,1.0812872024396516,-0.6310128104289308,-1.2438362576627848,-0.47961807761919933,-1.195148832854214,1.0402963568175683,0.37619052388281937,-0.7012097795425274,0.7622134476652873,1.2247597880626901,-0.7521793353083229,1.2917841683584728,-0.2863709691721658,-1.2479003177491357,1.8845708390413916,-0.7580332173293207,0.16400955416513685,0.15964246801187607,0.7307589157695171,0.5653020477300399,-2.1973265837448457,-1.338974141473384,-0.6468711575993435,0.6157571983252371,1.2504215404619892,-1.5829118060709555,0.336768735380208,-0.4368829426744143,0.04560676282361904,0.1354808597946788,1.0333116168752308,1.8438425902533353,0.7776192368696823,-0.12362807383636752,-1.1680063384595245,-0.056830798340183064,-1.180989939723983,-0.042372219128533506,-0.9639457745545748,-0.2331717644132249,-0.39500722027935165,-0.46555997841252095,-0.98077491442171,-0.03657854933804804,0.250554395982816,-0.9860329545940534,0.19832706171136946,0.3533880843809096,0.6086958217713055,-2.22977871531652,0.14393219554156636,0.29074046928938785,1.3645356156530408,0.028947554475121835,1.5932604650679543,0.9877716205141863,-0.3030884869896087,1.0735141473987526,-0.7483692947887083,1.3744136728787273,0.2517805274837262,-0.09849894590032815,0.5852982546263154,1.1627797371984896,-0.9003670670428571,1.185395996474904,-0.30266789807676314,-0.3990848897854606,-0.31410834876590776,0.12424469637760839,-0.9714229709730497,0.6836804394428162,-1.601831670605753,0.2905153723937796,1.915073509802492,0.32788746268196595,0.5801397257951095,-0.2920152232373553,-0.7795495130356117,-2.9681271933392006,-0.3116647577444099,-0.06887723079493104,-1.4267961955734152,0.20074232581250087,-1.1073221804301012,-0.8102493517963827,1.408057199750499,0.7355242287447532,0.13909482001255732,-1.340535412533677,-0.819592688256037,0.3756573723580147,-0.30749849363383575,0.3006146150747991,-0.7339885344086896,-0.9011792765229204,0.7231615951770334,2.425759168592682,1.192685604937406,-1.4340981375189155,-2.6845625494040695,-0.3999294369294968,1.7760557909976626,0.43467130209658367,-0.48572871244212035,-0.239972196919673,-0.041058383457021626,-0.18388841238100964,0.5003520897110701,-1.1378866629521784,-1.0107552723773043,-0.7300070267661503,-0.7450762548003268,0.8817575951723204,-1.7015288327111375,-0.16214697874245848,-1.2452091153893752,-1.0125551516591844,-0.3384229890133604,-0.6703628282535623,0.45296251156345435,-0.19775315750474873,0.17977938283727676,-0.850035565314141,0.10739456964245205,0.6858288072309562,-1.1477436243194865,-1.2662406227543972,-0.3286435825734423,-1.6669073691887077,0.6525337998091673,-1.5065369985739354,1.0576465849054888,-0.05255671621252388,-0.23462939324867862,-0.8677885264193216,-2.3967283060780136,-0.48271570590812696,-1.1134629557801197,0.23529757852765054,-0.2379017398683876,-0.7961293935366243,0.2025544711668751,-1.1990799483283947,0.05306272334725543,0.9794138676494789,-0.6793575823400839,1.4711606348588102,1.0211327384852062,-1.0826140911293713,0.9119778010172929,-0.9365232416018328,1.2258577423765198,-0.0885013718692871,-1.8833582719555273,0.40300301534107363,-0.5379829876968787,0.628837792610054,-1.3237445729336836,-0.7206320831329088,-0.6368504257569949,1.41009357774964,0.5237572470096898,-0.614622950064268,2.0239804284872425,1.1925193141672563,-0.43698492910302167,1.6834873840980606,1.082718969186706,0.01927180472128651,-0.190299679277888,0.27911525238494267,-0.6746400994108182,0.6974594519456352,-0.8516293089079746,-0.8683950617328682,1.031183172971262,0.5849274812954656,-0.4254066617654952,-0.8919952796400507,0.5219818512295945,-0.2581175986612168,2.1134863928883068,-0.6147226182939316,0.37804006463513923,1.109310124925166,-0.4257981287689651,-0.29737904257325715,1.6325815000675121,0.8745346327479872,0.4072266298508712,1.0510643693978465,0.46056503005459926,-1.0057965283442702,-1.4205257280141375,-0.6497834308969713,1.42237619635611,1.2440658026291642,0.9590198524735893,-1.996417882084927,-0.2451867035750983,0.6231514848238734,0.9277447717369198,-2.211893072038107,0.8078091215705524,0.5425320693526938,1.388283745035596,-2.1128397516974013,-0.1614668350572099,2.0116470977113243,1.318002179905066,1.8989975657265759,1.2041398982562355,-0.8309585032519754,-0.04613021267294643,-0.7016187620783517,-1.2389624383489446,0.3139618684976425,-1.9742250700089252,-0.984972884776832,0.6117879211127039,-0.43879327516088557,-0.5727074445036734,0.3427374549031152,-0.6570783506242489,1.4692937757132398,1.2453222062293852,-1.2266717716138829,0.3928258246181834,-0.5629298931893602,-0.5934088698536687,0.8687576753888794,-1.6441504701958098,0.44194187548860825,0.01016134243449541,0.3435959294249765,0.24508357518629725,-0.18865064111562702,0.21978760640969075,-1.2136344871721334,-0.6715067282520867,1.3112253113836634,0.12609124010881337,1.1018642234848608,-3.0958932184077335,0.32906165220642586,-0.5372643409148029,-0.3900262665920684,-0.5927823192128397,-0.3022217598694061,1.272808213101873,0.781422411681668,-0.8765205527137625,0.07429143024240528,1.541474615226881,-0.8451145859309331,0.478411345280533,-1.5033713413352097,0.12736121799498518,-0.8540943691757144,-1.9535611013610505,0.020313553536337157,0.2861938841585171,-1.4199859024496937,-0.776517803429551,-1.6220508449309197,-0.42708175253219266,-0.3654837119283317,-0.5452018243992688,0.25047316342815706,0.6984242705548404,1.2541050754427592,1.029488141351375,-1.7146012639301795,1.4198888597079482,0.17364416238413957,-1.66006381500609,1.5492661358869297,-2.2827173257139117,2.1063187830894106,-0.2442123436838637,1.5306394972528956,-1.0176609466604871,-1.0519116540408313,-1.441322862040687,-1.2754263949970899,0.6814915310399486,-0.27525440467567946,-0.24221951837109626,0.72748377579591,-1.5784727799733111,1.2991495253590788,-1.116394025727929,1.078294677672834,0.46986448995970503,1.8680380843832507,0.4841437108400346,-0.9923050703381805,-0.42510413619053145,0.09597363167590617,0.5770724803892088,1.7802783093198797,1.4139032132102094,0.5519799220031872,0.6445944207341845,-0.09800809267045964,-1.0955977548220084,0.7075410015740566,-0.4874339837998668,-0.9699736103107278,1.1451477474659546,-0.19018458693016824,-0.3614464559441328,-0.9212246902553732,-1.8357276471103499,-1.6794056754066427,-0.3288549821423074,-0.06222744705209652,-0.41715909575865234,0.020216126854609728,-1.1399832424841982,-1.6777262646317979,-0.2963166011763482,1.4114057732607168,0.66557960594772,0.17079085781799672,0.21173247359170316,-0.3190248340806359,0.03155834661640702,0.3420778102916032,2.0094495698545662,0.4475229974689084,0.40313895172534936,-0.6165655220958635,0.24918273279245098,0.9209080543793206,-1.453576706915336,-0.39884327948035575,0.9066845472298085,0.6718652784256901,0.04618122019491432,-0.368597191896577,-1.115816136635373,-0.38034775561706197,-1.0592068784627249,-0.7629779889966554,-0.5945442188397206,0.5597239477608325,0.8140432296456507,-1.112094240674528,0.2984691470325489,0.45979194835858983,-0.23571708671416128,0.4741172969390851,0.7437130047379203,-0.5664481069079931,3.1173454583783853,0.14392404129176128,-0.40065263322324274,0.587883365382606,-1.1121766235999488,0.6763445505452824,-1.0378821055640393,-0.1503290411680416,-1.1774199364612616,0.5473062005029654,0.5456554084874203,-0.15891798113757719,0.8697245076754616,-0.813395282807509,0.23640145443144547,0.09850944202966777,0.8511652329095004,-2.1520681890447,-0.4717167461525559,-0.639191350146492,1.1216218587291047,1.9124228754418366,0.7386943476409786,-0.6678817284847205,0.7103251459536372,0.5135153468340222,-1.320062434062053,-0.1596580601533286,0.4623612300776137,0.9067612080976605,0.916060205603917,0.09781979644860703,-0.6534098529265223,0.39468145284246064,0.2906911970321635,0.06373622463561804,-0.17711700425139337,0.6874347870829021,-1.8932025125595806,0.38524736792033903,-1.224644874960558,0.11145937308620506,1.7352518291342311,0.08925055724766637,1.6508749578786261,-0.1287020057832472,-0.20631868549719465,0.5270806620106636,0.5954225649248904,0.35116878427188275,0.08032889192345252,0.040472404371617705,-0.0286829131543981,0.8465980302776821,0.9486324194948307,-1.7437941576508877,1.1858774002740502,-0.9277834968063828,0.9094899312275333,0.08506486249814127,-0.8741428860497614,-1.4396862483939483,-2.1851528380822574,1.4854291016147487,1.1855380810328213,0.3158241421739341,0.9094399668964551,0.3098644791559359,0.6103275329616907,-0.5439244274401359,0.08183816784795432,-0.592791450324341,-0.6135336659527277,0.48643345448784536,-0.6534599617960906,0.39086556219369184,0.8600583410481846,-0.44613844356915056,-0.23590313351246286,0.4753886095353852,0.17569200229843385,0.5724379912648246,-1.243366186366371,2.2154890371191573,2.5514697562159325,-0.1898345557001556,0.48841987320787617,0.5637516658254709,1.064917238269044,0.18295783331732046,-0.3307539242466227,-1.4584047196586334,1.0104143208306866,0.9430216371535726,1.2616144564688494,0.13784016804946667,-0.7661613763168883,0.8064649340856823,-1.1810857859001467,-0.16733601392340808,0.14813064674609325,-1.1657426223106848,-1.1236483042106622,-0.5550777020629488,-0.2917168673399747,-0.6888461694044765,-0.11448718716534405,-0.17315098178571603,-1.3017589553195126,-0.8352329965829973,1.1675918149909015,0.3210202700611261,-1.961188066724162,0.10386084506180272,-0.9110271367640391,0.08273368308231094,-0.9549590162191643,0.06388748060583029,1.5352826496611347,-1.3519503988068875,1.3452239715980983,-0.29955096706948714,-0.027761893208733564,1.1509908395868491,1.5966375944876907,-1.0142960758721902,-0.704840793318674,1.2338080294791158,0.7465053795478565,0.23913006203439377,2.633021824280162,0.8441876363544515,1.101734469572055,0.23315827941959538,-0.2477648700299113,1.5543565500360113,0.14886482235020085,0.07817955822756768,0.9204808110869445,-1.050171263717887,-0.22710752126968287,-0.04151784941847012,-1.1911846781813604,-0.23727180971689613,1.6513398935834802,-0.39122329461276784,-0.5674113275347695,0.457978008258482,-1.415211550659564,0.1936490754276075,2.573129576040266,-1.1008851595974705,1.8184684796374906,0.47589414482333,-0.03737920159953979,-0.07431124676127099,0.49795940845579295,-0.49381391483196396,-1.104544886784928,-1.503945776261346,0.7389065039381163,0.783692065575336,-0.4814953084676205,-0.29446709844907176,-0.38503470998878464,-0.44868248716753617,-0.32612706022802784,-0.32240305824806575,0.5414656507978111,-1.2226730455855253,-1.1626361976310557,0.7212265808629353,0.575855295120975,-0.1447704435215556,-1.230051090017537,0.677003914746016,1.8126178306171614,-0.1387197001473412,0.03586038721255648,0.0389309824967248,0.6946465443927476,0.39700435472892276,-0.6501032330490902,-0.8118316323838293,-1.1261843645854805,0.745503426927457,0.9529749247748175,0.09045125465274273,0.5981076485397863,-0.252242746324138,1.1502485893223702,-0.6991959522527221,-0.32907711237613624,0.7746542511594494,-1.2072742423325544,-1.1245658801837646,0.43609468508226146,0.39407221424389915,1.0401238473743633,-0.4569640309564641,0.43041148501487825,-0.8758930322190231,0.16333646543150357,1.993288229639953,-0.46709543129192177,-0.13791185514160983,-1.9177815429994822,0.33502311508899424,-0.5938205281052293,0.6653834171268882,1.4220924538005748,0.8465026131038825,0.19213234154558126,-1.5673141290786246,0.10777288257772141,0.20012885070857148,-0.6614834127656165,0.8861377425407857,0.03779091389911154,0.3369027599106618,-0.6390332288219107,1.5469691733825461,0.033845766093907846,0.4262256429654881,0.37332845956336497,1.334563261361915,1.2171150784443123,0.9402541808857579,-0.10791657781652751,0.7502677623288406,0.7616225592353291,-0.440881668679295,-0.12788316886028003,-1.2217524350023021,-0.1055345284243299,0.6981044520618301,0.24317486430438917,1.0834378820598571,-0.34168557584651865,0.45585088852474476,0.511349985940307,1.007405853431889,-1.0499415786276087,-0.020757509761777503,1.6774733753853843,0.09058695160402237,0.2814714536294344,0.34334060170457203,0.5070209833804606,0.5149644188538481,1.203851780511489,-0.980469578087669,1.3778324187963715,1.4855149849144544,-1.869682743891446,0.1486073068338875,-0.36629017238321104,-2.4671643129755063,-0.1585702393956565,0.12958086740001254,0.36195217461272305,0.6185526130336646,-1.9174746526587036,-0.5790399844646484,-0.22089977703630864,-1.2988045514050588,1.4623178100669323,-0.12166771450278414,-0.8033589648297336,2.8401257474301533,-0.10207374681735745,0.39508727714596387,3.0361404106034624,-1.1587738489817228,0.22895023646099036,1.2196644785859179,0.7089551280852632,0.6874721736524367,-0.051478099246360244,0.3154161172850783,0.7296222760038557,-0.13145282109954928,0.27496804686075677,0.111999322296689,0.7007128845054192,-1.4199737730621393,0.39393500999483433,-0.0638736425042401,0.1403831881555324,1.2634258202815067,-0.43929943761223167,0.4901486595757117,-0.17327010729256198,-0.8997358687965087,0.3664353650120984,0.6008494955750548,-0.37135921919530807,-0.4641311810543489,-0.6033611850519235,0.5889946632600477,0.9512137020869522,-1.4266314298887222,1.1858471795629726,-1.3775374717036304,-0.5428384106422649,-0.9220858105753987,-0.48381095715829475,-0.4892903265785076,-1.9938657602460699,-0.4963437704313552,-0.8094628728668402,-0.46397173660898755,0.615880888401227,1.725772572245837,-1.4807720172634107,-0.5958022490977629,-1.0159731871610334,1.4291769189188448,0.7863142580158942,-0.11687920542613199,1.2877084992243848,-0.13223759745536062,-0.7708805985078246,0.44867972625366204,1.4642025997476975,-0.7128492042415301,-1.3310052579119733,-0.7111315101691252,-0.007783193994767524,-0.5697019922482449,0.06892523510530445,0.02572347800448689,-0.8379275708916978,-0.05011552450840914,0.4561837813144612,0.08080360295821092,-1.099075427673174,0.5043908239548718,0.8694520094891457,0.5614674212211415,-0.31907094227844796,-0.4492910717905965,-0.5312029747168707,1.3761278904642331,-0.8825661578790834,-0.2913893063529824,0.4114456908215799,0.7682781865992387,0.16413144164085286,1.348942866993196,0.5664787503854528,-0.8007716861341182,-0.5644865782791464,0.21871156904893843,0.6540617401221346,0.2693440345271818,1.0288314754260341,-0.025870782816877463,-0.08796435492159674,0.6744158363605346,-0.7147169210819514,2.684224029789824,0.6285052178404377,0.25858047123234185,0.9346026683896551,2.430537156525747,0.7121359882741913,-1.8616763088892168,-0.08305764519134823,-0.04750573224947554,-0.2839138160467886,0.1566776873022804,-0.8268302259406419,0.4681222271101174,0.9837171559814127,-0.9318094700696423,0.16329013164626344,-0.37657142539177796,-0.6540892930167498,-1.221431766123941,-0.14660785249167385,-4.468942377166316,0.5392178170949556,-0.9667835595599455,-0.46071823874528817,0.5329221352531762,-0.2651195605509838,0.3245201537317438,0.5729475488367985,-1.9327282080470942,-0.34557687839633877,-0.8627742942048247,0.7457063307621241,0.07880210555621406,-1.100731237566243,-0.9508125984168355,-1.4558868105996448,-2.8568199751344663,1.9414052463797906,1.2187576795700275,-1.3091430690356443,-2.1760095916699593,1.96484226065392,-0.7942403150113619,0.6746530500222244,0.05123014556123781,-0.805054230208671,-0.09654221563705623,-1.3078498018220992,0.10227693516413033,1.7240049434117612,0.18491658227291616,-1.25594593343043,0.7347131443131277,-2.188826162106077,-0.6328210515205313,-0.03185500395165732,2.346555847400472,-0.7546708221274894,-1.7190624973999624,0.07196370352770774,1.5690404380492151,-0.4583803050851409,-0.5194585282455951,1.23172165409153,0.2007074077934915,1.3977169405040726,1.742480294255595,-0.7876005854197707,-0.3573387564360182,-1.8068175544618719,-1.8686781488238715,1.0770442882736815,-0.9627399223838884,-0.5506516639160487,1.933969930028374,-0.41629572578030277,-0.936428649368714,-1.2375074875449212,0.013540533994669719,-0.9670155989051235,-2.796467146565497,-0.1731096575601806,-0.26787209413806645,2.7769625811690806,0.49294895693482743,-0.8552981929736848,0.26841297374417106,0.06885724483978982,1.040995147957863,-0.5432212330094498,-0.2605908048159768,0.5201579472246095,-0.6853831572962379,-0.40544179364035754,-0.07596097462640791,0.9987838049072666,-0.30726156744695615,-1.2132412697473292,0.6038461291532775,0.4442785890515305,-0.023969656367980725,-0.21579746781983117,0.5037608250939007,0.1346074137484921,-0.3128261516047922,-0.13384180718725525,-0.9990924400176212,0.20089638889305084,-0.5792939961422415,-0.19886846530060287,-0.013024725486722209,1.108082062837835,-1.066486130501614,0.8411827438585422,0.9532819827880138,0.7087898353416469,-2.1374728434582915,-0.28243333916809404,-0.33665956917572204,0.9113413491313227,-0.7259270942181482,-0.46111961381160355,-0.9017528670788342,1.0588725071315843,-0.137507469306804,0.38066592529192383,1.8985458014329093,1.2949311125291825,-0.2407906909944091,-0.4188186848204734,-0.12742171648649608,0.8400573827292761,0.4196974894679826,-0.13637970562503685,-0.3023207600904181,-2.0813878007901163,-2.5408139930388423,-1.591920559312775,-1.758549742096555,0.4184510027018492,-0.5935169252181118,-0.6941710517353444,0.5319681843282962,-0.9900705358231078,-0.5626078352936487,-1.1524200389013828,-1.6764836989458063,-0.9452127201293272,-0.5407169472285758,0.15634407745388598,0.19208276159106788,0.3918414095433097,-0.7417379094766282,-0.12530648492132537,0.07478858828417426,-1.6168808153835108,-0.2933338948072664,-1.4629239849767326,2.3394959765298715,-1.7952493007848345,0.9666979040412491,-0.21629512443645646,-1.4605577089952406,0.00848990220687674,-1.2101947463066762,-0.04717426993145618,-0.005559356336943592,0.4708069746179405,1.0487078383404782,0.0695994780250348,0.650099371040076,-0.740669738626895,-0.735851503892713,1.5961431535042228,1.2554716477268952,-0.32318297941363355,1.8328636421975917,1.2705877261303502,1.1840345327760222,0.5847756284617756,-0.3901768593200335,0.9488788582288208,-0.20116149204944037,1.8343184212971524,0.35980429935015623,0.5915412185458071,-0.3039125417826719,-1.1014331059938336,-0.06427280754225802,-1.5996045803918133,0.5544368004767516,0.5704641560998018,1.5634464083235915,-1.1515799817751766,-0.6867565621810766,0.22151127269565898,0.26759579684472606,0.3787516344496525,0.8899898828399494,0.494606589409158,0.5838884244807163,0.3582322725455614,-1.2876783864909638,1.2089632925506264,1.493125019062124,-0.1637989854810591,1.3266294639214702,-0.5342067079893791,1.4046304247769468,-0.06318722635994359,-1.2359699677371894,1.2125839521339365,1.6519456824811751,-0.00011118198080314873,2.0228379170292703,-0.33330362869471514,0.14652973608523231,-0.68531189650178,-0.6421488923784052,0.6890899618075749,1.9327297189437045,1.2311128037274661,0.23547095785810873,-0.983043687836499,1.9907810638849304,-1.5315375711350985,-0.2563094453569826,2.2703855849303203,-1.1070818677786793,-2.4236911854559016,-1.1322511087598421,-0.6759847338481086,0.46528924659665566,-0.6918634019858111,0.8205980265333281,-2.270729013942982,0.2662204710475296,-0.313303110151242,-1.4924733390216138,0.7625849032327652,0.4476390435024934,0.9913594574031127,0.8031135338583584,-0.040889985508365666,-0.36212466405401883
-0.9687725453409198,-1.6465099355548745,1.6226989058365024,0.691016962999875,0.08179703199676439,-1.7950713115159236,0.22881383728213756,0.5238951235808615,-1.469882677787881,-0.5573371774773919,0.06069301785131415,-0.5838400579113552,1.179372679612171,-0.7148462868950101,-0.7751912659697724,2.4794817450134357,-0.5625488456700289,2.6281507487629567,0.9327535792606488,2.168263786797903,0.3496409128752971,0.8153438690097381,-0.8957506573347278,-0.4304508541314363,-1.194691233424204,1.767545301673321,1.0233389409010427,1.3770460178816304,2.28199695425464,-3.2341864618213805,0.9362919514180853,0.5648354605785879,-0.08241149103472269,1.8342991206036845,-0.4762899230115359,-0.06143545866216592,0.019081910962890358,-0.6219748048477378,-0.18775366636322788,0.2340808134285502,-0.06498964135726329,0.16483561391561743,0.8412430860233795,0.041498647066817246,0.2386999110380996,-0.9849000349686946,-1.245203485282885,-0.7137281207915783,-0.3902400094593907,0.16267832233260338,-0.5216846525782153,1.0299521691672187,-1.5453888026655107,1.1354794944310387,-0.842663147981463,-0.963578644231944,1.1183727017434628,0.08508673356936197,1.100046518930321,1.398082557059428,-1.320059502398351,1.7838241725080362,-0.22302034069336435,2.7008076424095613,1.2664085487643282,-0.2899394793986429,0.3743496664857134,0.767503810860198,0.7667903537342775,-0.7625659594631988,-0.5947435765488064,1.0626499382038899,-0.26463670372641057,0.7287983620896318,0.4987514946248227,-0.022884473076242796,-1.5355696194684059,-0.009257097033352002,-1.3305915974018616,0.44107756966320927,1.1380480218120566,0.27900614911597854,0.24372755011694894,0.7353481310979316,-1.3735148630647214,-0.2092479689076467,0.45998929230704566,0.49805675768666174,0.04289219440644329,-1.9770944275403879,-0.5320490869978378,1.2835786882556164,0.6633684095568187,0.688420709896654,0.5767593315993564,-1.829159066698816,0.8394109475255238,-0.2619300252104574,-0.4598210559883117,1.2294721699073126,-0.532752354829651,-1.0075524527310942,2.3619134709488083,0.2885049848130161,0.2188407072906458,-0.4184922560546064,-1.939073242955096,-0.2141130237113051,1.4976068392580502,1.0252088696867603,2.90595275535144,0.3188732279599044,-1.1152093976932553,0.5964232528287154,-0.9760910734105729,-0.4907773155727257,1.6994358516994101,0.8426862379174092,-0.7203794094276946,0.5500610276723219,-0.13649855121473753,-0.4696981031434385,0.26029950180479444,0.4837306280498575,-1.284757618968976,0.36323254857706,-0.6231991632250115,0.8257000807253216,-1.0087337017900084,-1.9773732682239877,1.0416432672805758,-0.9882547019636126,-0.8614200733188944,2.325064363585178,-0.5341407491975433,-0.9777250338565002,-0.9368507011210331,1.4226828464982475,1.2952463013844435,0.021699282000895086,-1.0227010468256186,0.7727519155052935,1.1415118048007844,2.0230821901205296,0.3684903351263936,-0.19643456706577245,-0.45010106175637077,1.203396195328214,1.3502779960098539,0.191152173764992,-1.7135759182976527,-0.36611694344310397,-0.4179008138465162,-0.0034887503061727413,0.9848847471266028,0.41363514257223205,0.06777967461309187,-0.9288433615590613,1.1223591204371424,0.23181905419730017,-1.2512818267026176,1.204084675367542,0.3605077374523647,-1.3991743250443596,0.0761854931912339,0.7985111826303711,0.15261566847369154,1.3842699777209662,-0.12260714903152126,0.45360735082125064,1.1681088500639836,-0.8958438526180694,0.1766064363726756,-0.4193963294965388,1.2026371302509336,-1.8326155993994384,1.9777282842021189,-0.16104053571513438,0.8760538778442856,-1.105091176309492,-1.0861831729636549,-0.12998947004736694,0.0911137161941242,0.5287563420486207,0.5594123694760607,0.04644283940545571,-0.06438259172038545,1.9458497105333012,-0.9026619003393545,-0.8328351739464697,0.3752123254132056,0.8651156188793656,1.526427489529272,-0.11255957413390058,1.2504882739692043,0.11337154359018259,-0.600563614877382,1.3722087767020494,0.06520328006583809,-0.6175159453988276,-0.3694255669781463,-2.1041065012738738,-0.8751078251249446,-0.8574145996802067,0.7110760989639636,-1.3997185797281104,-0.3371531130284878,-0.5893505098495062,1.706643964266014,0.8132841154889352,0.19708032586372407,0.21021971322099195,0.5931722216246795,-0.43035898761782454,0.20230867088731913,0.2717424636345681,-1.2990851502342324,1.1425948200144127,0.30704243948226956,1.045712977075917,-1.7858120003438394,0.8735802337912838,-2.110111928904061,-0.06701171407593902,-0.9846601281715835,0.21085036135632274,-1.0508304339396055,1.0697393721662225,-0.5689125538882033,-0.10442517309765605,-1.0323074780868868,0.7807531100752182,-0.16237062507423286,0.7911643649208938,0.25525221262746906,-0.08967185808118998,0.2846937144592225,2.2518168136310996,0.44996017604663135,-0.2846250584008604,0.1913193739569452,0.4654011052907524,0.3471135362844259,-1.0307933009246544,-0.0774179302905006,0.056240972429586845,0.6783328242498329,-0.48566980957364275,-0.7570272199690078,0.681516677051255,-0.7043890790742278,0.9970069304061433,0.9922515810986592,-1.5412895580611985,0.853578220821946,1.2898703257718007,0.25819196291296437,0.5499732940929111,0.5041123480327883,-1.2016055214590917,1.0535846218219078,1.2006170903375466,0.24946304256113538,0.031028914806083007,0.0388035998713742,0.3406420429869854,1.2118008222114758,1.3863666920754745,-0.6427155404135694,-0.32555936765722593,-0.987008354213236,0.9215058047689806,0.5787787635136519,-0.11917051104061009,-1.2906532482750193,-2.5509034757147484,0.2974453047757978,0.8670133155246978,-0.639383996437896,-1.0664590311299535,1.033720536494035,-0.2839339948142572,2.125340046232978,2.8459356978418757,1.0779323393676878,-0.6566475549751424,-0.35708994849928377,0.5090764506812807,0.04303524811144823,-2.6856872896130577,0.15894241376723028,1.6319862999138046,-0.17816830078819906,0.5745156408698291,-1.2046336953051269,-1.0146249763138349,0.41670135417870185,1.7989719488671718,-1.940188777367642,-0.9807643572029161,1.4908098430652457,0.484392810825263,-0.9556952161998088,-0.5292738350263635,0.65180209686204,-0.12137008495154071,-0.12151162497218951,-2.026580171689016,1.8489787052043938,-1.8083265933180106,0.22648836141321807,-0.8842784293883086,-0.034322584093135884,0.23264472877274148,1.582013785004834,-0.4836133673685775,0.1859714813775493,1.2808631150142582,0.6515028947159611,-2.15967916276246,-2.790755770497679,0.9106302703266804,1.5806601509568161,0.6598131626457554,0.3961153750867708,0.44725550001957876,-0.5692519874282961,1.4981418195959237,1.1027569738671317,-0.18205251922218615,-1.6552722643686792,0.6614896922255104,0.3353104954640686,0.07755480727005039,-1.8089114896285587,-0.252693667834308,0.9960258789727322,-1.1128303802549349,-1.7756611277213998,-0.7552140738362777,0.8022019108567218,-1.75389075942533,0.5480522053991412,0.6887466598199276,1.7565410024050285,-2.540026003356397,-0.530561424340464,0.13600814555310997,-0.5705268128636082,-0.06221850951124351,-1.6749154833948063,-0.9050642661566615,-0.08531837220018752,-1.3005017130320653,1.5400860979576485,-0.8047690449616164,-0.5577561641554396,-0.34875184160537603,-0.18331859287198074,1.1328540970108907,0.6805470960103687,0.33277127341275214,-0.18816914735513293,-1.8040332293492223,1.345991152733304,0.08812309363021123,0.986440040810401,-1.7745197086178726,0.044852748009225764,0.0573751016711851,-1.182754713994556,-1.2226276207979396,0.6527758727170828,-0.7837319378369692,0.8818503056232777,-0.8163766393414267,0.10089671764634586,0.1189627037843155,-0.18313685959380235,-0.08187469111344868,-1.3146199453016145,-0.15023413907977282,-1.6297840525709724,1.1188328224270299,0.16609563498561736,1.6779631974769704,-0.629642490149571,0.26535809469646837,-0.2191203933262857,1.6959734404610751,0.9586340887661219,-1.6529042188640206,0.2132558560145658,0.7194800745399134,-0.4072079533777703,0.41956517256326975,1.6093219468042643,1.4770867956028024,-0.9926717689722421,0.416053101181546,1.5338390992893052,1.86566764442424,-1.036303928002919,-1.6639122034139882,0.9306327263225311,0.5752057633866714,0.4887998766683496,-0.4908245288040744,-2.1573047132902268,-0.43133572608471094,-0.511214304519388,0.27884317945746984,0.359490437817174,0.07554435411835342,-1.2570211618197693,-0.6555997366461902,1.2958164092021218,-1.7408606275151803,-1.5554571372130621,-0.33083516840241434,0.40681962608778144,1.1285602641260124,0.751082042862673,-0.6829348220661872,-0.6267551557557265,-1.81083671974396,-0.5368165410216806,-0.11461536877524318,0.41361804603962377,0.3425495914331014,0.40603188435432547,-0.8748132846611073,2.2181061908940496,0.35383441990736586,0.22018935142088328,-0.06537237712163976,0.8231539913657063,0.34543687091345976,-0.4486886433261502,-1.0557761464810433,1.7829364667476197,-1.3189592461282804,-0.26583590760590325,-0.775508849876336,-0.2941904924216922,1.0416706932411124,0.39565548085813995,0.19529050545009177,-2.2107739677761984,1.9070372924466352,1.4529395817545487,0.6633279695291676,0.2003127332646244,0.956532278792319,-0.9729693722669145,-0.15889325608686583,0.6608249831850487,-2.2852315872108644,0.18457625017648668,-0.39731771835629154,-2.0241814525326607,2.1075669672666284,-0.7352141938095927,0.4393468007781451,0.2353341266394954,-0.1380115742265164,-0.28133079081606976,0.654854373429431,0.4628624213732935,0.1303309147520644,0.6063283213118046,-0.6940357631971309,-0.2794649195890972,-1.442209335200667,-1.1026837860373617,0.05478812460750736,0.8323529852843397,-2.309858103901929,0.03627165828523025,0.4233397512555141,2.1938326847961815,-1.6226497423220325,-0.7537923844422673,-1.048767379177929,-1.3371960269193512,-0.5895626254323428,-0.14618455530795887,-0.14403054447611432,-2.2313272440822303,1.0103944760576753,1.8856764736747993,-0.10090434421628751,-2.7406081849903856,1.4980879359286565,-0.11512494324500588,-1.6685746593958681,-0.2431672368589123,-0.765081080122548,-0.4481342828704453,-0.11780014423803788,-1.1802368407878816,0.347054660567476,0.4450472418660884,0.5328628421587703,-0.5105350469305797,-0.15628236287947267,-0.21097957324824498,-1.660044739546755,-0.8253596102894274,0.035760441012910184,-0.18639598167485788,-0.07359441019475178,-0.7454053174182451,0.4882874076497161,-0.9214309758632874,0.3705660970741806,0.10569023621288605,0.901231852909787,-0.21648373013654398,-0.06539927286102376,0.1091060726112966,1.5561789343349601,0.45149909769895674,0.13343622726129523,0.11661424337857572,1.5489215072135116,0.11315979503009972,-0.3864887599691641,-0.687285060253481,-1.9041768795933989,-0.7865800411883368,-0.5061160102765916,0.7301552207688691,-0.4257774397582458,-0.9856937353794551,-0.8023568162756736,1.5058784977870883,-0.02292392407550691,-0.7393190717106988,0.9531357360779332,-0.24842230856601596,-0.46687280727556646,-1.3922440117765855,1.0926600944560274,-1.6204627732872754,-1.2174342817877428,-1.0789067264497954,0.4369349422192639,-0.34553792462520905,-0.37850647015885264,-1.0893095249967133,2.1435230441121176,-0.766712789777458,-0.09830013050631821,0.13720410215354478,0.5022739231441103,1.2596571758557005,-0.4761403593497487,-0.7555338158758558,1.355769006011,-0.5792682057715238,-0.6060695873434182,-0.12422848968590143,1.5610939802281565,-0.12523596447351312,-1.893011007570454,0.27718121315146776,1.6169041516287073,-1.0196451552409815,-1.5856771792244464,-0.32055447867571313,-0.20509791250921416,1.0520581585463684,1.3911659362676345,-1.2290504380545484,-0.8547239299032586,-0.8411021509076347,-0.9399611122747351,0.9763658323742478,0.07224782563395571,-1.9651692981609088,0.7711470458496649,-1.0662056582617288,-1.136284542745546,-0.3231478400707697,-1.3569609102269533,-0.4927189298822657,-0.18417027081356685,0.001396305671512563,2.097500644338991,-2.1354165810961865,-0.244868227520395,1.5664071844836331,0.5656757797568894,-0.8852461069807877,-0.12026156969851917,-0.3650594887380378,0.43680947886432353,1.0333073411107563,-1.9730502662663085,0.1131333410406192,-1.3006164328726038,-0.4758730727901792,1.2557861902566283,-0.39604076062370036,0.3161506430041528,-0.7889779499072113,-0.7538108715764812,1.4508518916491155,-1.5493660667700415,-0.9619723503097225,-0.07485749007446674,-0.2588458024962871,0.019461399075251053,-0.3710137911683006,-0.6435168406230388,0.6139989640772132,0.45266869248142744,-1.3349501916917816,-1.5585945376003976,-0.21306287861947265,0.062105866205793454,-0.4794135553711056,0.6260542745033548,-0.21277841493674166,0.07577948548195644,-1.0406610767336741,-1.4160668935392262,-0.38884143198244575,-0.24048627471732456,-0.8028432127187242,1.7214243003382412,-0.15230321232287025,-0.7871492920290182,-1.3706151715622317,1.781767284924248,-1.733869108533211,-1.2268575976726892,-3.047566834375988,0.29643377775766594,1.2795830263816919,0.22938353982789872,1.4285093477738997,0.2294435196413781,-0.3393521588594629,0.29395890026494076,-0.27575503260814505,0.305792947625002,2.7399108487161037,-0.5380003457351479,0.674960967956975,1.30275028777203,-1.0889755543813893,-1.7070765804482375,0.5188238119696696,-0.75834350011875,0.05686651616018712,1.1528391711169892,1.7049600933512012,0.6718734227738707,-1.1034881926140614,-1.917407342995997,-0.9085692917855308,1.3423607276396747,0.7229945711066706,-0.32361542774493895,-1.1423176376846713,-0.23740051408158264,-0.7979802095008048,0.16812252142375847,-1.2607467847554552,0.5784297502291156,-0.3665721965224396,-0.780288319192799,1.170868642432041,-0.042929281062960525,0.8684689931266388,0.21812922189580708,0.1493915543144818,0.6893475377260013,-0.9526565520339411,0.5697229329347757,-0.475686637143486,-0.6557399796901768,1.546720231975365,0.901277868532939,0.6290416290701163,0.5432839599258957,-1.940015863813753,-0.27385729783784846,-0.6807647296541108,-1.154051770330695,0.24089193205402407,0.8437252442993525,-1.1064361073676447,1.621431494706037,-0.9067926094839048,0.7434120871477135,-1.1551433850343686,-0.06180695218716198,0.12496262961312868,-0.7528882629239643,1.3911001977179764,-0.7771817035819626,0.5387474806925808,-0.4030796300585494,-1.0616327989682226,-0.5110967510333203,-0.26644993297711445,1.5374386617831872,1.0949761125179454,1.221389265592336,-0.3189002906446184,0.938259141445454,0.6677832703010653,-0.5015050773685981,0.8309192040914695,-0.1363658191813051,-2.075559621129384,-0.3446321935587976,-0.8533127670098605,0.6730369757673,-0.7546652121049592,0.6070057124714989,-0.46626362002822425,-0.4005114878516083,-0.7380817281400698,-0.6178037596581275,1.4544883199521006,0.1572779127745152,1.806083172048893,1.1874085535280874,-0.6623228119478037,0.9551113171009277,-0.03230259972568866,0.31616211653365084,0.2957181454995842,-0.6422639631090373,0.7982068109336019,-0.4815428499266451,0.6782563688037773,-1.0090898974911404,0.2618664621926947,0.5320381888407196,-0.6404073275510613,0.43432794944460323,0.4242682162287267,2.0050664117543295,-1.215859792618308,-0.3421225881350575,0.7345653188331446,-0.5626660159758776,0.6872965327177403,-2.1587721967520794,0.019502539880948994,-1.5037712775186574,0.5209610720946636,-1.9683463928444493,0.4707648493288584,-0.9072729183838081,-1.6215200279581616,0.8761791875484523,-1.2426594854086632,0.7447726953487644,-2.200449748213384,0.7793769379987481,1.3881511258366201,0.7400713667402824,-0.8526763272671609,0.7847874922522448,0.34284718467366254,2.1577437312077796,-0.9809346157241873,1.512050751799348,1.7295135696474548,1.5248800172629624,1.4707272349560845,0.2694185057404752,1.0742835939699973,-0.29431950327159284,0.7979924731015012,0.15245746519132408,0.3104870764256942,-0.7385212836619701,-0.995786856698123,0.7908965888614156,0.06165223916530709,0.2730882554241853,0.9743383432903211,-0.8892688774138388,0.7592315872977391,0.05345142354757004,0.5591807034867611,0.12831946468110858,0.22857054609243352,-1.0981257021856374,0.6018968980639653,-0.9349630813293345,-0.8078345082506166,1.0023947601214998,-0.5430348859750097,-1.1750931083554492,1.8208727447412394,-1.8504972954408792,0.046837290165895044,-1.8256085825266088,1.6319269150501199,0.3403204938969665,-0.06840395152687606,-1.3470132087851212,0.06874976987115171,-0.32219216142567253,0.6098482323516325,-0.025446596975320965,-2.1614546533988883,0.3186088282117902,-0.5370801820224752,-0.5922992345125525,0.11455020322041538,0.5706176986882711,-1.2689475238901804,-0.8522879867665253,0.5460736301144452,-0.9263767838126659,0.2572778211228396,0.5468326294320742,-0.21673055355958656,-0.25908118866433194,0.1629894514856571,-0.49556616065437104,1.8613441751356674,1.850473089253062,1.1484082812176852,0.22095214775327587,0.1414149015903568,-2.0472453488004456,-0.8430595756090322,0.9751874195257404,0.06453791963784289,-1.61372355417536,1.3903872675605728,-1.0045450754519207,0.5544602815722071,0.8524599333643577,1.7074241722999937,-1.842819158699533,2.2610924048289687,0.016834710409000826,0.34035130998027285,0.010829091836113504,1.1501684430130812,0.01731780500611916,0.625269404037372,0.5238652876249094,-0.09102456682488087,-0.22302032720476236,-0.7493684062129625,0.7889909290072052,0.08854509852586856,-0.5868690909319617,-1.6279369966644968,2.4298608928587613,0.5566725645358472,-2.0615004403747634,0.13563374063884112,-0.9528846887258909,-0.5374264757497448,-0.5789351361503505,-2.3827988014204533,1.4194166829731178,-0.8008077869996734,-0.2965208191311065,-0.20126496782957376,0.8407494526502076,-0.8183025440749391,0.5926708168211879,1.1047727968952907,0.5116230913164643,0.39008182456385565,-1.194812906120526,-0.1992916269206051,0.5622484670933371,-1.1385712301059512,0.8435513455639959,0.8821535649119295,0.6009553040028279,-1.3321937913335105,-0.8593002141841054,0.041400623326516,0.69143157504043,0.568424500018038,0.8440117738229327,1.2977617099297105,0.40977243142676983,-0.16576930876252746,-2.290327232320827,-1.4049329720433823,0.5238523322150705,0.009854789642699315,0.31243117150920435,0.5861317188989947,0.20962839428259178,0.3458314233854105,0.671913055511972,0.09308411874630196,0.05247872476972361,-0.8868725358657968,0.06309991250810101,0.1350520418535103,-0.6198862599053812,-1.430088470494945,0.49084861450971495,-0.22154022610628948,-2.0246209216327795,-0.8251918072760828,0.27378839709263886,0.180551487821851,1.1551595290878511,1.2297284310706804,0.5395559340663936,-0.7333037771920319,0.2766181581343007,0.13468269731927968,0.2413632753918996,-0.9156220105218471,0.7992710985599452,0.7359863488580566,-1.5171064725883143,-2.1444401242541513,-0.10252604758500357,-1.2603230844052793,0.9241172985777104,-0.5458353745431909,-1.2102256489677394,-0.04869896816484476,1.1903161987882227,-0.8134651588779368,0.7496527139262802,0.13916408959813348,-0.5839441988631072,0.17028487765274253,-0.32052909617443165,-0.023124667172264298,-0.08734165330712132,-0.1829817285946977,-0.2596817463315972,0.8839459880776539,0.5964357449305167,0.568645708258722,1.2644421355939852,0.6434790330325654,-2.068245157778767,0.4653494204608785,-1.669395555091452,2.4191729937010855,0.23270833904640004,-0.40574715210169165,2.496496134148535,-0.2341489172941619,-0.8237974630694312,-0.7286556058638191,0.2917909074674581,0.6539217513003824,-0.5201000013287053,-0.5846618426520024,-0.3658697422971064,-0.4608656740320817,-0.8706083268582956,0.1422300243722462,-0.38465394450171697,0.8967588095803886,-0.5793100262905879,-0.0031186657027524873,0.5686133913237921,1.28607444323249,-1.386260197658186,-0.8738937681269682,-0.09344692178540139,0.21039801885210915,-1.0409238641909175,-0.09562413784135443,-0.3402463083650585,0.28898601282634967,0.19209593173920841,1.1934921943365377,1.0168678138539329,0.5070643390141957,0.33677144598747777,-0.3083270622540124,-0.9031648183986043,-0.04855152789901317,-0.8472358087316394,-1.0049756579459335,-0.660371804248448,1.1801995405005175,-0.2852531893554828,-0.8696071191529007,-0.15466241036492084,-0.8719999412622611,0.9010613019170616
0.03289284956041999,-1.1357577969280899,0.4031785358841856,-2.4034161471585436,-0.8897491913254364,-0.8424717126995149,1.4462221399150514,-0.010335990569841285,-1.672671940790966,0.5956220804034088,-1.0372406039861104,0.7819209270704068,0.32883186771449946,-0.3707483144268784,-1.629779626060804,0.9841309723162895,0.29317466712444307,0.9117540947088553,-1.275474078392748,-0.6547107772255024,-0.045955530505916345,-0.11580488517139009,-0.545877757953503,-0.052788959249519436,-0.4976285411487061,-0.4417566437524853,-0.36534351243121627,0.6249971482967247,-0.34271125715144835,0.044273542672979185,0.5793287544240416,1.3622940009260802,-0.5205285085934411,-0.3139197576485987,0.6254916700628043,0.4842127116247006,0.11366336461265807,-0.47850747318141607,1.8245105128082757,0.8562933502993205,-0.4448207901312376,0.42299939740485626,1.830235313836124,1.492166854557851,-1.0977848328900435,0.2220130493765039,-1.8650788808362435,2.011896731076652,0.8194340593941865,0.5957814737448781,0.12250568305027551,0.04519332886560638,-0.27488251915606793,3.0558163873918427,-0.9327470200387323,-1.2332155543292336,-0.3175033449873454,-2.092396909493011,0.5579546209982291,-0.9123498307479835,-0.6972636389632094,-0.7356567395048117,-0.08961697152511915,0.27933921285908575,-0.7089246462615164,-1.6226691645533677,2.313469121140857,0.5639926674061857,0.38967012427511954,-1.248355718247671,0.6256894924571205,0.553369528992433,0.7761400437245909,-0.3888888025731893,0.4747240680348552,-0.29174851297282894,0.8140337318815447,0.01166664925016482,0.8607943451204862,-0.19777902335842204,0.0948905757496802,-0.09275482823196317,0.03800424318768783,-0.09846222476304131,0.7546619800910551,0.17209491836511698,1.2163838853708386,0.5704952178729213,1.0784403868214645,0.9441593502514124,-0.11471801089138854,1.4734484238350976,0.9209258939272646,0.23081821312847478,-1.193720176219674,-0.44806377997619334,0.18162053342832415,0.9944975235923009,-0.12341035301714398,0.5210610436244659,-2.100733831374713,1.0243029218333526,1.03238558472338,1.9520304101240356,-0.48844380238823404,-1.3399177367190838,0.519443856870129,-1.1496400478200206,-0.5268504512091453,-0.9528668069719816,-1.3169688861952944,-0.47596810138693363,1.3368308835489753,-0.2630284416525611,-0.24873209028285168,0.5321691857410732,0.5686695329743906,-0.5892661264768703,0.3575605067567604,-0.5685831319742073,0.44964085210876537,1.1451822771236,0.23137085821910153,0.03436285270091412,-1.9890915548709733,-0.24740400061430926,0.055187047593878776,-1.336752051674145,-1.6093768930043502,-0.12526876182783725,-0.6129444971027157,2.5142732900720834,-1.6655843199723506,0.2808365012910681,-1.4109807086612096,1.8518807570963993,-1.9016952046273892,-0.11665017930753205,0.810606975354953,0.9075576423491414,0.6683953416449023,-0.17915280354328153,-0.3665376385748316,0.24241043769150017,-0.056426145790923456,0.18319936777561346,-0.7728990306032227,0.1961853416249448,0.48492616091994856,1.1291217272593745,1.1363998251550902,-1.1320783726217571,-1.180216285681939,-1.027519287781492,2.9684009080072853,1.2144440020096325,-0.6870196622391951,0.354435757538755,1.7289192126459094,-0.06611210718197613,1.779561580790698,-1.0427324438396441,1.0205877692097902,0.12083625970413132,1.014896928301999,-0.1147718576439593,0.09294351940671565,0.9808086693414348,-0.7783133740511077,-1.1263846575614946,0.6666699714055864,-0.8526829770984132,-0.5853405545050225,-2.366575236778988,0.7369750469402774,-0.9260536871817421,0.010610121859942276,-0.6228899415282025,-0.15315139489336235,0.9300098224833584,0.07610390139021184,0.1721026346415716,0.3023859949585384,0.028828455527053595,-0.3352280693838843,0.49267145146171154,0.14828456001288992,-0.7245456321310461,-1.5660721978496255,-0.1971107245366859,0.3020708001383606,0.6786122718365193,0.5078438957993627,-0.42547231703178456,0.1867054405077742,-2.4753986677197166,-0.44771377048358874,-0.48127056875580226,-0.6858610494182469,0.48472368882314826,1.5816280178111253,-1.388465568177084,0.4890596740567889,-0.2270452834838734,0.17895773251164948,-0.05127107368985075,0.2507845783693301,-0.6758607551433927,-0.8551098905794199,1.1504219501784194,1.101335736051192,-1.3410186294928752,0.8254660357488665,-1.27240026326991,-0.7698100905004747,1.3822655913795663,-0.6561613837759251,1.766898391875638,1.7925530913478602,1.4320043207377575,-0.09767440946749512,-0.16398926579319748,1.5949332205539666,-0.19948347352433018,-0.5403309557678357,-0.9433001654981842,-0.2645414776987589,-1.011558255177563,-0.1283693743973889,-0.6684425559856645,-0.6168845825035116,0.003353323464010541,0.9306642170850952,-0.7926178314136473,2.3082786029734645,0.0053422970831910905,0.27363996918354566,1.0644142568074741,-0.47771751315426453,0.37274375725495185,1.416764409662287,-1.369860516608045,-0.6118915749708822,-2.356477752034155,-1.1151433116012723,-0.5181082184110047,-0.25643645848638935,-1.7176284350309765,-0.7408792016435575,-0.8739055496503149,0.44341398646058666,0.6328334888167954,-0.2329999884009814,-0.37649591528858944,-0.5161686480473308,2.9995882891655827,0.45666511730349113,0.0827237435603758,0.636834742043487,-0.5148667109990973,0.7116095194639567,1.2751723637375922,1.5386395503804764,-0.030686646755758756,0.3978064742775852,-0.8771582712039258,-0.9269322330666242,0.5610391369521358,-1.7863972598025213,-0.23386970655224854,1.1506885675619345,1.3006939028228928,-0.5969159247052412,0.22378590730726047,0.8825834503088176,0.0174498748786618,0.4251289656554712,-1.1308397782932311,-0.25177904998277456,0.21357483669399147,-0.6903857067650409,-1.9638867578914185,-0.7092015963502959,-0.6351069840969982,0.14913809577554815,-1.0857025366086412,-0.43849769176379366,0.3912952056502792,-0.611879662049595,-0.483293614518777,-0.23368255684121983,0.7989598626599814,2.138566455286123,-0.8421958823939362,-1.51790400523748,-0.01857437043742806,0.42960801969556867,0.8866843032305151,-0.19316623283245024,1.7743650336206522,0.5655947675369162,-2.9883703004433633,-0.5347401877729784,-1.0588556487061642,0.8939563083774849,0.6089231578454629,1.115532802453057,1.057544391015896,0.559079086113453,0.8047514530587252,-0.911024327348099,0.7080705812044868,-1.1755840840724572,-0.7458805859796381,0.0891225612512576,1.5791526096698218,-0.10029061034768207,0.950486141972075,0.2046028362292727,0.2722942644989467,0.00908514303033047,-0.18962736209313677,0.7935036461570661,-0.2700853732763465,-0.1753452670736556,-0.1369840977561894,0.050721842618923714,1.2520786556545498,1.2450653710451363,-2.439637904673499,-1.9233301361112218,-0.1531687818096992,-0.11835743997913224,-0.7424814772879996,-1.0748368992299444,0.1662183211124269,0.3133948030683045,-0.36523133056820345,-0.8680228252992193,1.8897105163656667,0.02252268158691268,-1.448935058242548,-1.2690497351261831,-0.410992767984721,-0.266349703556172,-1.0025146120851627,0.32594452096856097,0.17962122015157814,-0.5949484206838983,0.3674281315695478,-0.8040055473941253,0.7993193862730066,-0.9110978332469939,0.025571038317456038,0.2175238729769909,0.9345428167212344,-0.42308656986544063,-2.077009745104118,0.4166149235675404,-1.1153418338197345,1.0500827980327954,0.3492464581453109,2.4917944121894986,-0.5677245720266051,2.2290481151163455,1.4779657943511146,-0.8945310003586209,0.1168220799787979,0.49957273324367546,0.9274432232530533,0.1693231326385597,-1.1913754591616936,-1.8824529999810824,0.5580572902150268,-0.9481223057310084,-0.8110294968418748,0.5914542268946685,0.42430364805172543,-0.49817277037951274,-1.4926817934780365,-0.4140083502584039,0.031271354269482264,0.9516556746742575,-1.1786037713050455,0.09820092004728496,-0.6824665983012921,0.9638201956515483,1.1422921417518521,1.1260167902226594,-0.8213932233082356,-0.3157110381269114,-0.7009919923541309,0.14610714830867294,-0.5744218872775283,1.866780378447688,-1.0674602558801027,-0.3728607633311092,0.5992977706543791,-1.6342227482832272,-0.8897855851911507,0.6387164963241349,0.11501145123348397,0.7118779663666551,1.3980760749730632,0.33308257994308693,1.1171758630392052,-0.017809580477389397,0.24007089674323634,0.2965585019617817,0.047639468377696996,1.175366606042572,0.7592349469286622,-0.37858724738525296,1.2372308573313338,-0.4785508785444877,1.2321765706270877,-0.01621579613428879,-0.4127022737085609,0.21073559549656976,1.275700290482982,0.027153017025979855,0.8925966333714558,-0.6751953472311493,0.5325783257806656,-0.9036855236822972,-1.8555864641603323,-1.1267084928821565,0.42013348798391154,-1.156207996267106,0.12564608099056881,0.19906492933656203,-1.6264277152286273,-0.8369060377324612,-0.16666927638051388,1.1072114882856456,0.3285246567124588,2.634805839786447,-0.8631929509628367,-0.06950272037325707,-0.5624944496261159,-1.5597661727048868,0.47253510902432866,-0.5466686713454777,-1.5058127089092972,-0.779425588144846,0.8747667305594329,-0.9782339709224862,-0.2038142274497497,-0.035845950039096026,-0.6494377059329555,0.5064331503480384,1.1588773556099683,0.4491203581249681,-0.03497731416156954,-2.094383123956553,-1.3431101104067142,-0.49066385432867765,-1.111968398683109,0.17703867894681957,0.0626560650935492,0.38036995166751875,0.967188563463905,0.1658517976680736,-0.4912219274790707,-0.6767365206709531,0.5187050021955751,0.6640390665437885,0.0814965871786078,-0.20518342799559305,-2.0764047747398773,0.6866707017306758,1.4130805088632807,-0.4405445152258916,-0.9297962332219505,0.07865752535826345,-2.1748885105033873,0.5887038586897967,0.6484519041987118,1.6447491525791018,-1.3101914887444062,-0.6042389600719293,-1.1769009419982606,0.4112657580726151,-0.1995127223494918,-0.593902640898731,-0.2070667607931493,-0.01958175570467595,-0.25930490691341507,-0.6388253526735412,-0.08002152602348017,1.0821533626955526,-0.9870682368165086,-1.346533327750388,-0.9951526454771664,0.49917995924310427,-1.3303045446219093,-1.0108135685561797,-0.15165486470457532,-0.880716178483751,0.8972551645345439,-0.3230669745837251,0.2595508207387184,-0.6116602318389397,0.9559028235956315,0.20933039723205132,0.3434005373766024,1.177967898751237,-0.26997607756938075,0.6567642614896486,-0.5588077384855481,0.14600241980283596,-1.1572086842801401,0.5473647656805012,-0.7468522928089655,0.26439621467221996,-0.5352656747120232,-0.8441822491164963,0.6625858767538083,-0.41099609839695733,2.680195696337482,0.448168010451402,-0.6247103169967947,0.56086221514541,-0.4827615126945584,0.9159876869297852,0.24133623143120395,0.325573248344421,-0.6512281147008598,0.03711922339485464,0.6169897710290733,0.0376069025310318,-0.818281639491776,-1.3877345710069326,0.6310445163347311,-0.2681840087615019,-0.2454189204763227,1.626297330233473,-0.4669524784320863,0.09118204656733783,-0.5691447854405342,-1.305165255378816,1.2317642386634446,1.3327654415325234,-0.40206932845810067,-0.10389677069497193,-1.436449159121826,-1.572210788679347,0.08201578786291107,0.838513648796247,0.22932886943285347,1.4139277219819861,1.0033950836064285,-1.999641824466912,-1.0023665002331394,-1.2416422085549228,-1.3183974889135646,-0.4887686353312685,-0.41688724447088893,-2.1592463793605443,2.4623398558741094,0.7730734310747774,-0.8398856056583571,0.45121842835730364,0.4093052094736599,-0.7218831958330644,-0.49615707109416474,-1.4347068352921233,0.6995153430240186,0.8803736082210968,-1.0288444187342753,-1.3892229405224872,0.5721915587306922,0.7483210694831778,-0.06627981563350245,-0.7055890011976117,0.6550597210683307,-0.33597885887050655,-1.0346642877214773,-1.22623895331657,-0.1518777983609785,0.13032754940332897,1.8567071454302062,-1.8681198029358048,0.7102666826286099,-0.9817261411053002,0.2507193020215864,0.9550052783573351,2.4226246631527655,-0.34093873128001057,0.9933752174359033,-0.6781765029622452,0.10784720340537088,0.42089386943575136,-0.7895585494863054,0.00589282355938235,0.2224460191467485,-0.11675940583008952,1.258891052107596,-0.9490730163859009,0.6535192862426533,-0.011872548092236703,0.5179865654282496,-1.2920909113413932,-1.0260806420658808,0.7303795044253536,-1.286931440401138,1.2542537927061217,-0.29979315854913613,-0.00633036819513828,0.9977722812732595,0.20777370533818632,1.4810577081182985,-1.4235258091909826,0.19916400400783094,1.2208138026173172,0.6134686651638528,-1.5403630315305168,0.01521524813919421,1.240393777934549,-0.8064247907895331,1.500637613666884,0.7085153763686938,-2.0416452695386638,-0.8736280467793437,-0.499736618958447,-1.0181483259919655,0.4534820434576468,-0.6778917335618493,0.8577663812326509,0.25051979664133023,1.316762875325252,-0.2979577966090597,-0.2756554343788575,-1.1455834384117418,-1.500820539046117,-1.8554652595670713,-0.0756948604684528,-0.3377764912936769,-0.685579456826717,-1.4223997333189642,-1.4672826349572308,0.5751055710101732,0.013442161719607467,-1.3045221356958934,-0.3963595021475298,-1.0265065866796994,-1.8437932901073457,-0.24639046479195142,-1.1074917069310395,0.8281870675151322,0.508566143766589,0.5903900071132517,3.0394870755060768,-0.6497820885981762,0.037953560767558354,-0.646480345843116,-0.8499707071810865,0.22942739932529446,0.10006262214607248,1.9454244625232389,0.15911979713494076,-1.575880065015628,-1.8107995547808764,0.10517373068456407,1.5588445060013538,-0.16157740228722053,-0.477969410398304,0.32199835662595977,-0.7193283332694327,-0.5944513892499006,-0.297597246526459,-0.9880457992687247,-0.20281794969784087,0.6612938654412273,0.40734367088285833,-0.07407188363593699,-0.2147609024459775,0.49118655827004076,1.6112418395352437,1.1583817209345657,-2.3246818615274565,0.3187992819445238,0.4012560431472895,0.023854360491195978,-1.4825173775182499,0.3281706899298087,-2.0669120857471426,-1.6427788979205198,-1.7707352220500325,0.06508588600259486,0.12870624689946794,0.4742536498674817,0.7133952854011616,0.5620625247995883,-1.6899746221187122,-1.7766783880469708,-0.3076188762628325,0.247872896026668,1.3586579797065317,1.0044363048722789,0.9499474680354015,1.11975091213724,1.0863327943199925,0.537920514127201,0.8543023799795006,-0.5240411651228696,0.11407691311691841,0.6429122496613754,-1.3106415605013468,-0.5794186509287308,0.903470122284271,-0.7832173726102826,-0.6649935651086628,-0.21691058155943527,-0.7647512525656176,0.3302470875449823,-0.9157678570247973,0.22784735243476634,1.1013206264396351,-1.6232287664940925,0.03824272187457222,0.8758950517456772,1.178281813742052,0.2873782222448504,-0.33191466725590696,0.9694294751878915,0.6703250715807442,0.04136254183013923,0.01929609305154873,-2.7444971613030242,-0.30889462835242704,0.15141556931491013,-1.894080772345779,1.0464755767253844,-0.9339283831087501,-0.16245532873687335,0.6671006416235141,-1.6438657623611226,0.24892769912650203,0.0019264484459748917,-0.8122556278637812,-0.7613284866483735,0.09418623886576921,1.345017149067671,-0.535608650997836,0.5856166014736589,1.5268042169626628,0.6878151361881097,-0.9634804007410277,0.7599743349050746,0.8740234140085488,-0.9024606724815001,-0.6527353625091782,-1.7389480638251524,1.2057385880203764,0.3698158292055189,1.4612189431906504,-1.0347219437037338,0.8247453239717257,-0.2168314544810709,-0.8428100771682703,0.7537094364144025,0.06023830714723532,0.8771766740756277,-0.272670309884938,0.9593244888027598,-0.8023036140489066,-0.9952106234815039,-0.7125308802632153,0.4990394235638743,2.3021197641771702,0.22228797949649298,-0.3880551223783738,0.310690492874218,0.7387161444511965,-0.8431529328378182,1.1742475686273621,-1.3778207705546313,0.8504647728511793,-0.7726976190937631,1.0843797046456285,-0.2163191351064964,0.5599339738650119,-0.7413997831742628,-0.21707834684963634,0.3782776917571657,0.4816704630369915,-0.2998377676538774,-0.5814095241070227,0.24968800474870187,2.941176647777705,0.11364663229980536,-1.2201950822170018,-0.2586346692191944,-0.06373621324954369,0.8658571782146979,1.1363585029876608,-0.5155322022311299,0.06065736492452749,-0.24471666645871806,0.9432148661366156,-0.44327316450970333,-1.0035505991906937,-1.3201987648569475,0.39913826841961,-0.9409644673278785,0.8134779052676361,-0.6742591895612233,0.5372389354670146,-1.0921236416959756,-0.6450485457135023,0.1901219087598534,0.9213618763221961,0.22243169530496457,-1.8842886367312115,1.9091318496715952,2.144337192892601,-1.2990266761933023,-0.7965800186953191,0.6231294120639388,0.6145446753364852,0.4260424019468184,1.552806607744285,-1.6431291869258533,0.23900354699279575,0.05299983265023336,1.4566126305552163,-1.822905966184886,0.35431887890200225,-0.2812637850585459,1.244831745083387,1.131250526159906,-0.9892840439704788,-1.0425435859206327,-2.2645478231748855,-1.4955886794224333,1.0744663080419987,-1.3110218057345833,0.24650185078650264,1.6893577224597975,0.05283620419321613,2.0460642345539735,-0.19633174163698225,0.01917235187536221,0.4893157159097564,0.21550907827485122,0.6376314483499854,0.8939971835419357,0.5981645742673135,0.35658207785831336,-1.769676863109269,-0.26392042166013896,-0.5022211608144728,-0.41780406615095456,1.5107661604056826,-1.404678824156161,0.8372237684503632,-1.9604110576341063,-1.2876184741471983,-1.9833384955378333,-1.7229548038924078,1.6153125473805465,0.9070096177233106,-2.2430616805048085,0.5684761370205588,-0.27100179770310423,2.188875931179136,-0.43955622411929485,0.36324696133878864,0.3360493537875993,-1.1886308106959573,0.3157857910854749,0.508442815467168,0.9086197728816693,0.26096594637781506,0.5830909632008009,-0.16147887027461727,-0.2516581118444352,-1.1125800724281614,1.6676533519595584,-2.2208794686963524,0.6330893361023823,0.7397825023768924,0.2708114379560288,0.9719677911443544,-0.3810480766668169,-0.16944926187551476,-0.6567261954095414,-0.023926400462844576,0.651708199285413,1.1796035235273812,-0.2057758088850819,0.02065266524049085,-1.046657560697393,1.9493756834844809,-0.606289129321142,-0.14537775893397353,0.05602915745191151,0.6635246852449458,0.741794959091167,0.47460193959401215,0.7460634205323963,-0.13609023771101614,-1.3136705491319147,-1.153085532371202,0.9346139921423217,2.18037048084962,1.0426090524027494,-0.7627204687901025,-1.2347599922344037,0.6750629779279107,0.15076052536331638,0.6085003040146945,0.28393630782586227,-2.6462113339483055,0.19416630581963484,0.14761715408479317,-0.3129513652175387,0.20874028365997566,-0.3741250988722261,-0.8062288929245272,2.0728071700430784,-1.0583132507908881,0.8266261207876473,-1.1834014367860555,0.6930010962551556,0.31080996718828435,-0.05121305633126958,-1.4360777614092595,-0.9003689206995491,0.48756519614057664,1.773061214030956,0.910847459513585,-0.1551591168063808,0.7975753961903699,-3.010818112087289,-0.3650424254299676,0.4601538862560577,0.66118471754046,0.3178338002239475,0.21844445166509105,0.8833353863548021,0.3061323337198684,-1.4950002913369984,0.22047817691863214,0.24193657243008931,-0.3686153532620239,-1.4406722139017096,-0.3469142058323286,1.3647957550280059,-2.126254849968642,0.7021177381449499,1.310986451650246,0.6258594402838358,-0.2543934944518303,-0.12079190345621543,-0.0004336529492453873,0.7200387239095112,0.9111427850613314,-0.9773847955900453,-0.22680904563072535,0.7747817845221046,0.7361375940929339,-1.304226845130834,-0.23271506467389957,0.27005487887110624,-1.1334248801351943,-0.47344988418000594,1.3509291945438746,-0.27803434181829223,2.3452557802706955,0.9486421127276207,1.350649539948568,-0.08012381689504111,1.0985546578441792,-1.5346583646862086,-1.3368250328605493,0.2249034703586588,-1.2573969925061486,-0.690268407236853,0.035016623834454,-0.6449263169043213,0.2061084807644554,0.6163655410295468,-0.5589821097505335,0.41181156957375376,0.6666736507893534,0.448695939483697,0.07852084848296159,1.1786739436966351,0.00010473958224142714,0.7373424015082467,0.19635414720468394,-0.6936798530974108,1.228779930376058,0.06927730781975158,0.4476478627531349,-0.5442637601713587,0.20454918538014769,0.12071764787033182
-1.2315738010598118,0.981488592839891,0.0043125759427525565,-0.025884610201344103,-0.09352840714500879,-0.08354295428744819,-0.22445375891683558,1.1541981883438153,-0.020547631500201006,0.6090179402295881,-1.0774439498198498,-1.3827800220807513,0.17654130706033094,-1.101579027254367,1.0042478330256248,-0.46134307884896636,2.1473751441516935,-1.7759046256470206,-0.5521471683358123,0.13477965865993677,1.096087549018084,-1.082069081722962,-0.9884508129887941,1.0271779095867075,-0.401600458405599,-0.311983490013882,-0.5570247194069973,0.6810702166465683,-0.369033542774145,-0.5276865807072276,0.6372488498725956,-0.77232599882358,0.004691019465635547,0.4428202567437434,0.7633364400435544,0.6393607382176646,0.2510127685017334,-0.09997254600924364,-1.0234847200440083,-2.0684374105855867,-0.562567539559476,0.34084019279490335,-1.146188182587858,-0.02203233659841808,-0.13154589444988402,-1.0454903359436878,0.6561523679376748,0.4568888443569481,-0.35558060813176806,-1.0099496192971948,1.2855135452289181,-1.3428564092672892,0.29630022140438467,0.5110914269987442,1.749593119439942,1.2307676998438344,1.0760612720478069,-0.06700177642847736,-1.564458352723343,1.9700371651625994,-1.122752090839266,-0.42403712572722463,-0.3146437034098026,-1.6784527837229992,-1.642139403572704,-0.34157760621046795,-1.0227192254935307,0.3772833715375596,-0.14184729014626138,-0.8823376888717616,-1.346590402353292,-0.8487551194601108,-0.7227984714919004,0.7913448107455394,-0.4424595249160429,-0.7211606409929259,-0.29970575091143625,-2.1249773818466795,1.3410010711830818,-0.20158402927005448,-1.251503277598293,-0.04649189752677019,0.6113315737058908,1.5691710059085837,1.0274715936215115,-1.442382286445182,-1.8154104203339603,0.12583354155239687,0.16073172404760855,0.7721591164350143,1.0395887253396616,1.7975888734352046,0.5097026032867908,0.2808500366798864,0.4482448233872345,0.6261399100014633,0.1534404376008483,0.6327152752220431,0.2896354225177654,0.0917546472242028,0.5643339344875721,-0.6446749978260392,-0.38914092209856804,0.9855287932514439,0.2704461299734743,-1.6462368137447907,0.5376526068005576,-0.6644161414722363,-2.2014848653702908,-0.48037585439841013,-1.8436109794354831,-0.773964175326381,1.9073137692929742,-1.2439461565741536,2.0900421026935736,0.5821673692233573,-1.6438418558033283,-0.016615480872782185,1.2218087804997837,-0.17113682405221825,-0.7969799669982037,0.8796993460382668,-1.0368332793229924,-0.1509058240583324,2.7190085118879823,-0.5998063739501627,-1.149713502127357,-0.555846891839845,-1.071201901995846,-0.4193128374653206,-0.4631873142460635,-0.5532342263437381,-0.5923600625084479,-1.0279109625410443,0.8261200602112695,0.5361487709028426,-0.9478281696066836,-1.2665136782043391,-0.326239853533867,-1.0287073544933967,-0.34194911682752993,-1.7849500199534887,0.20019087870501653,0.06167981578009477,0.34579588842948555,-0.639766580099529,2.0704296511485105,-0.4768045859688696,1.2258519457642285,0.1839915140651991,0.8722938026587471,1.9097215843548705,0.6599067015542578,-0.3587308348401376,-0.13860858219888508,-0.3917419771294553,-0.6377482231384671,-1.1667402571907,0.004345898612116703,-0.5930472010496283,2.2197862734846776,-1.138241690621818,-0.6672478486344549,0.3575524758681123,-0.320930216358998,-1.1072377738875314,0.2691584502896726,0.6657299200412554,-1.7220146332611832,-0.3077749533678306,-0.4449556908524923,-0.04592601770159832,1.5672232308104377,1.4501300211688224,-1.0993706304377657,0.3715090518441105,0.015524214423540603,-1.3626633032374034,-0.6034108105185191,0.13336740548815287,0.6534078777153182,0.1967873334897309,-0.16661610531955523,0.7840111124886524,-0.8825749054795157,-0.459295381936598,-1.2760081092671103,0.33758768296937963,-0.027863373775693596,-2.4324831059490624,-1.060546199892918,0.7268793540846951,-1.163945164315425,2.203194719916652,-0.5435511199575666,1.6037319377141708,-2.0497512176462798,0.2544798361787879,0.34238909175756976,0.9481915397029528,0.38996968206409455,0.6016854542156792,0.6794929272838345,1.8245393890573431,0.6861373788729479,0.7983409834939731,-0.09839758317919778,0.5778033096459183,-0.4485787236759446,0.6125121795947314,0.8276961316574877,0.15776551699283364,-0.21399758926388932,1.5293428499577777,1.5972911680475403,-0.26080584418390335,0.43315247074248636,1.7167314662330793,0.14391120020386514,-0.5736091987042867,0.9417728339286756,-0.4156836601952199,1.9962902138800303,0.21112729062586588,-0.6607513912811591,0.45927825136404604,-1.7966387310678407,0.3297816505912043,0.3899272707370915,-0.30494476054105984,-1.7477915096925805,-0.3158084499539899,-1.8047934673501758,-1.1892588755424132,0.8778065105157269,0.6664427700975469,-0.3487178252597291,-1.7280220773592616,0.0362355156869243,0.939375473720178,-0.3636025788608167,-1.9913057452018585,-1.2582959392353745,-0.3383556650395938,-0.9231521432871803,-1.3256958897082352,0.03685340202054527,-0.3806550780832732,-0.9125320823635984,-1.488289832911149,0.3115603872176074,0.5499485164059141,-1.711392097900258,0.7083893510059593,0.3739034459845354,-1.6629284697563136,0.329564227988534,-0.043776529836701376,-0.8189133057761983,1.0259399377352112,0.1872343693990401,0.5873482033205736,-0.6103172375868008,0.10407476909901266,-0.662307594788175,-0.7790211652594251,-1.7801880590841168,-0.9012462150472609,0.9838133767952908,-0.9855952734180432,-0.5434568226934151,0.45369936219117846,-0.807171776650223,-0.5876015612540618,-0.884066472257779,2.2413822698085,-0.37000330536042614,0.6009575950575621,-0.13284111129905912,1.9423527208494298,-0.3481606432894937,2.484005176892268,-0.6616362775451783,-0.053342190515521984,0.23321954093161368,-0.2542845088252245,0.40640322172972143,1.2164379967443497,0.3555867007027875,-0.2406306296300882,-1.0136319028029939,-0.3291475256913687,0.6121383813171709,0.16570689393193372,0.47944341475524266,2.49346588938988,-0.9128070309205233,-1.2230247639694645,0.6068305278966303,0.33864139446075175,-2.4982488056075574,-1.0649583556278068,1.2338220705779213,-0.6981756611541453,1.321655611935848,0.7270022185438675,0.8528585891576995,-1.42508068120464,-0.10914312659192658,-0.21652076620203634,0.28571647435080044,-1.7082721573560962,1.697599414651475,1.1212598961584563,-1.195510298643519,0.82862985223335,1.1364111748962828,0.17959789341187532,-0.6726988507191186,1.5480286105354097,0.17551624452902428,1.3783281472940936,-0.4127847479010341,-1.0720653717651463,0.039933072390227004,-0.16414931713921688,-1.565217313183143,-0.8259469099875011,-2.059312049596813,-0.19779320792103697,-0.6308587009161721,-0.41592024215584544,-0.8290789820831533,0.33121976218775606,0.8670637666380686,-0.4068033400397862,-0.054626256742359436,-0.07819204988680967,1.2817560296403037,1.2596057720252913,-0.06359064290596114,-0.5886338027456197,0.38336413948948805,-0.42142278351242135,0.6740783515104332,0.635186554316404,-0.3920798812681519,-1.3102713611830332,0.7267056571878608,-0.2991010995640827,2.1025879607819355,0.9763420265698571,-0.06533141072190714,-0.760345185762822,-0.45889302345613164,1.9577402877849668,-0.2268954336614198,0.15693293226017502,0.8615753814754206,-2.6924331211228694,0.16110783923080008,0.45046536651482993,-0.02128553296681449,-0.43699151489458815,-0.4453916550280702,1.1725561163870268,-0.8325877584992365,1.8345453817140842,-0.9980957358969085,0.8448392440406799,-0.3321376051652592,1.206334782068321,0.39665349001383227,-0.05519111056678265,-0.2179258671749355,0.4538281573796518,0.6689360011547157,-0.6771889922850785,1.055714776941033,0.3700685929033389,-0.7019394702140493,-1.7616431150556482,-1.5101422266345266,0.6466597088594633,0.5672627860988172,-0.18821153174503644,-0.46272322513805314,-0.5550743285983617,-1.2928138675509293,-1.0301357205685455,-2.0641520600014815,0.18430948757845114,-1.0298885370891253,-1.119854457451392,0.9468297933715152,1.1311417976217848,-0.4432700131479416,-1.0104366050760138,-0.5075914583984569,0.709976655251164,0.11160124876105952,-1.5061745984675963,0.5455107973427266,1.41033518226479,-1.2288337037034194,-0.8922749574366164,2.3672836314171657,-0.04576898977354683,0.5039571914944281,-0.6179064103498674,0.23898355608888258,-1.661213627396664,-1.5490237956613766,-1.4036963696372668,-0.5073540262180907,1.7750321953457955,-0.8676594339458947,0.663979319131555,-0.44536221195311004,2.234527927082278,-1.6375114243743618,-0.5151296321099944,0.7714569383732276,-0.9430412412280479,-0.06094129239361557,0.704640060679025,-0.11675399654875018,-1.9933991169074445,0.34782617168151464,-0.5993827873775034,0.17993162692306403,-0.2872774085345644,-2.263691225926216,0.9578852751606569,-1.1219024591740887,-1.1898182608729166,-0.25669208074572086,-0.05391184631814866,0.8680840653330766,1.3851262451155397,1.5516730144399773,-0.1771685432751034,0.5378757433329584,0.8722644855672713,-1.201359463594551,-0.6023754486114983,0.17312131733679534,0.5112957106271413,2.0822504996509426,0.5053337506797339,-2.955612632469813,-0.8280052940475024,-1.1807424078252944,-0.8188511206359208,0.6143852063745407,0.24782156905324865,-0.943418417785929,0.4856998998216963,1.2246020598265654,-0.787285571924059,0.48849029322370174,0.18313835652338722,-3.385497186714891,0.9119870778605136,1.0426959715723867,0.6580090503297066,0.7349640486927835,-1.3291894713075854,0.4962765105711403,1.1557403726075848,0.3161193902915046,0.4763506298757164,-0.978718901123339,1.1419273553660165,0.3596249023340253,1.3567426443996553,-1.5101796972017454,1.3040010353776905,0.8225043655454737,0.7220348212632309,-1.0682721816500027,1.385789082590222,1.2399160392514539,-1.2159887012536228,-0.5415841578283258,-0.3397579573436551,0.5127930485493551,0.10258435458876357,0.9513738250794447,0.8475455317251658,-0.35831313284486166,1.3628673827373032,0.40545247453780725,0.18238822648827516,0.4425883111687051,0.8381623269544902,-1.10373990955848,-0.6647316128349553,0.5883114594168937,-0.2672191275503572,-1.0328281128041215,-0.05560153973248233,-3.1876067418230156,0.3113465336311821,1.0361582398509066,-0.3646373173020525,-0.750872765951373,-0.5306115379608078,0.26131115265246996,0.7501529390384881,-1.038899949899653,0.1221070719787035,1.8961358993953707,0.19496543393935875,0.7580638541802216,-0.6262910104716463,-0.7283759039459071,-0.8658229863520852,0.714724250356936,-0.1662505825213796,-0.4320246238614349,-0.29073719476912857,1.65834579268763,1.678061259318572,-0.5381479103818585,-1.1956041665223622,-0.4361269318822165,1.0182667378799892,0.5197031485507638,0.8799791101525248,0.8672720058059045,-0.8708563672536899,0.5087038288262332,0.04491030451384368,0.7788475988740166,0.26458087325765045,0.1352806089136995,1.134559447753488,-0.06981911787426089,-1.9244811213581574,-0.8107189982965335,0.8866393224044194,0.3351118677977874,-0.6065631066404165,1.1319888280774972,-1.2115184024311965,-0.25264834058080127,0.7948872869194546,-0.18083758328522756,-0.21836175953573622,-1.283945632697236,-0.8895355735095832,-2.2525641706037454,0.3526855640136478,-0.4631193836792613,0.1616699102354885,0.6240533951227539,0.8286905862112565,0.4864065896961546,1.3663344101839296,0.2425711617542172,0.12350017732461403,0.07328348370428289,-0.09291900782615678,0.7428822258842598,1.1962240611868393,0.47580881933138575,1.0945416767206189,-2.181696818066955,-0.264667348095087,1.0936833649785527,0.9278043891225425,0.4530899980345588,0.11202892107787868,1.103052248269632,1.5773693179649362,-0.1440769403476448,-1.2903021153124765,1.0541901081137401,-0.9673090724031466,-0.8313935823210005,-0.252944261706576,-0.6334836594137383,1.210364387253051,-0.20472144518706456,-0.9326922116200886,0.8540971027161262,-0.11179760796497812,0.5765148875166157,-0.23468637028939296,0.7055727320182269,-1.1939726731890468,-0.21403043609491992,-0.15339605946447504,0.9102849660021674,-2.369455152335182,-0.22692454452107713,0.9103822968123588,0.5815636643120848,1.3886057447999887,-0.774902287834599,0.11530772691595075,0.7854713740538203,1.3130590527001738,1.4232753639522213,-0.5115484929564089,-0.16653889919164805,0.9772653366887671,-0.9185789749306299,0.4608690887144172,0.2662250492450101,-0.1621930094227299,-0.6930945737136955,-0.5327850608564783,0.68095900883708,1.1307448583394035,0.44980808627037444,-0.712460911325919,0.7082494105791147,0.7155832028497313,0.6104982155637587,0.9938663116859713,1.3378348220219252,-0.7680472395602373,0.7748745848774213,0.5654576497087639,0.06922320832465373,0.5913345985468341,0.4551471037775024,0.37634590815242014,0.5894172037907125,-0.6726834123415896,0.15306968931597492,-0.6115305916988297,0.07907292201113604,1.5395267454840025,0.2895418063586149,0.6607972592005131,0.37722458272512216,-0.17832147992464378,1.1113490636591172,0.6700445722059105,-0.3624871850422243,-0.9875121647446902,2.339619800109982,0.178321231280675,-1.2422035643683824,0.07623895736644717,-0.5004478114042491,-1.0921304782758676,0.24830820155138794,1.1710108140587425,0.5038531953565432,0.7291794915508744,0.3728847107945519,0.3901148785102751,1.1086726873591697,0.33061554527429565,0.444012419294112,0.012347183698244668,1.0738595409503373,-0.08347616180373009,1.7525587551725894,0.25551397325831327,0.19974016068618003,-0.46686941099060436,0.4834136594736469,-0.27772121374902237,-1.2475326526917425,0.7164944695563743,-0.22484153052008826,0.24213507864037567,0.6981750146126557,-1.0462538283714564,0.9180371401348505,1.65623033633008,-0.5791448998810014,-0.8892470362595556,0.9526288561952909,-0.3103335322291379,-0.004110436191432086,-0.9527291018176525,-0.29040269065823404,-0.8149741038165109,0.3168869290329623,-0.35003148889928076,0.8389046122086411,-0.5013069912049963,0.4790470895216807,0.6112795821999105,1.1080738392500842,-0.048996581398296025,-0.06330336318752953,-1.506137828526448,0.4910667286613465,-0.894975273708097,-0.9292066984708999,-0.25897716703113927,0.5503808188970717,0.6286630144702843,1.045210264617041,-1.3453080075430124,-0.7469175573869103,0.1981993419396732,-0.6813511074515516,2.329971870695653,1.4488712002205173,-0.49821567454080706,-1.2278955786550574,1.6218338169768565,0.35321929760922677,0.6114232147288156,0.04652530748387736,-0.9062630976474355,0.3989072991747435,-0.011436994989195102,0.8071475675329678,0.9310597176577569,1.6574090498281537,-0.6826471550866173,1.2216084505710232,-1.413967778507866,-0.3419075478482393,-0.6524950447030713,0.2222016625134274,0.9492451757900418,1.1514312543466356,-0.634210019217062,1.7863886969671106,-1.4319092715424047,-1.5958709140303668,-0.16509440128682537,-1.3503961837374174,1.4880389243535321,-0.33657144634778785,0.38882695056736344,0.3066861906643095,0.6287670771531555,-0.07637391594697218,1.3278386235340542,-1.3801163479008003,1.5693995250293182,0.8905437786425132,0.6831698360535383,-0.7358965027879789,0.6121654848193245,-0.7970316970547529,-1.7193043711121763,1.2613277914348908,0.7541317064482568,0.7776506896810268,0.4131840650653009,-0.16237919651587696,0.32343202200412247,-1.266756996227696,1.177891740573747,-0.640895137087451,-0.398713014628945,1.102328742715658,0.9506300715535951,0.6822055671571974,-1.834275326476967,-1.2031072192104846,-1.2280502380981524,1.055461149099367,0.5066454569645974,-1.009601478946021,0.4264518016318725,1.413132460954384,0.25626763646704853,-0.5501755545316147,-2.526295540815571,0.2525245947527727,-1.078551679000271,-1.519009120932447,-0.39935013987981,0.17906717431776095,-0.5520196487991499,-0.10986045181291754,0.8395963800033256,-0.8265036236849317,-0.501454057765212,-0.9981101243058055,0.9924897931497546,0.00634576645638793,-0.1399917518858604,0.9339930442836331,-0.3753516934914264,1.4813119553405079,0.8699519096061605,-0.6190598806423072,0.9914286293174221,1.4000333755302077,0.43382917439526736,3.1322612804985783,-0.363341271403691,0.8336110014590624,-1.4460251751485136,0.018466500267340237,1.0291068096834746,-0.6392783042843283,0.6742998797684819,-0.26249550302039837,1.3853129098793324,1.9805194525198855,-0.811229805442748,-0.009122913450128393,-0.09560376698022328,-1.818187487572492,-1.6074363449744296,-0.9470023584013294,2.026785320104934,-0.6325687157617301,-1.5631585758307818,-1.5620544003193548,0.017430066129225916,-0.9780015856779869,-1.655795904267432,-0.2615025776161468,0.6626136104475254,0.9262641931410129,1.3561220870300543,-1.6555815439327373,2.0066247452594035,-0.5727672505499073,-0.4738918280474183,-0.1722512599009637,-1.1742491261448886,1.0365343599968242,3.4247156109707464,0.01975278302443249,0.30326081439697833,0.06631017316517253,-0.2577684118821039,-0.631207617997812,-0.30641188990016965,1.085116249968087,-1.0415505417310298,1.677501852540774,-0.8912387003612658,-0.42243077060018686,-0.3210568039004028,0.6772881574710679,0.14519671452370236,0.5492218067725297,0.49695954776376716,0.5761821768521972,-2.1852397736830538,-0.9948471386072457,-0.9590425508319209,0.5534663903212661,-2.1947734974224113,-1.2288026787083677,0.18254927326457165,1.78438606912843,0.1650033261952953,1.0857060320241778,-0.037787029553799895,-0.8094189496846189,-2.4684399877436762,0.6732924229557772,-0.1250619823998731,-0.31199710786546236,1.309068206591444,-2.2006355289910386,0.6540190323461162,-1.154715261999255,0.5976227647212831,0.421325478511835,0.4081071920711019,1.7101057746577661,-0.17343794267268314,1.6861719490066294,-0.31192402864751423,0.023016438003509217,-0.9034113446839876,-1.1206075539671525,0.1999477937507383,-0.43311771077245426,0.3193809227261782,-1.3795909223544498,-0.38904319820872196,-0.06300190561918854,-1.0986443636858216,-0.44971279301975425,1.2918995865600744,-0.8734778991613861,-0.39793282257952384,-0.5847746862366501,-0.326836077752472,0.4863805333372042,-0.6646621344049082,0.7583922417374015,0.7591217425663205,-0.3233170012355062,1.1305840258846829,-2.4274962787635577,0.587925919659529,0.2831884096223863,0.6595097770217964,-0.7378711021982953,-0.17725815863551939,-1.5058909238324454,-1.6119811530041308,-0.12359037317364616,-0.5351393221431479,2.1543479483602552,0.8938479231959895,-0.4021410094380653,-0.0884560778298305,-0.4162045927255139,-0.2037420983260791,-1.5121349707362988,0.8593934585075715,-1.030391673442595,0.5670119186852699,-1.1224427918111457,-2.1094439315686895,-0.4479359990712907,-1.0818439772303334,-0.3580890965528287,0.9212157737833393,-0.7391979325387462,0.7251667428303202,0.22868381625276832,0.753520783867308,-0.2975141584654286,1.53032109110452,1.789882203698342,0.18870868386011402,0.6344199720832988,-0.7106841925308318,-0.08895704001282648,-0.08766834375621256,-1.2866542063138906,1.1866405250526038,2.0434659912999718,0.9849449813649779,0.6063856303359062,0.25942888917008217,-1.250313451681204,-0.2801288911243935,1.260650931233609,0.9756636281956012,-0.4898830135064086,1.1422556292274273,0.027130930507086252,-1.852594234491715,2.3970249261113454,1.3618543796591478,0.4153827005843076,-0.6505447852576393,1.1568026597634664,1.131340922639206,-0.8820708329235052,-0.49965979945894107,1.3367506423334743,-0.4282142663741194,1.6385020821242207,1.6377047611211983,1.0960771685067061,-0.3955526622027596,-0.7319751229286365,-0.5786498513047955,-0.6510488486032218,-1.2555992866441528,2.236074619850443,2.6183417459653255,1.5157005776658858,1.3932109117012907,-0.3343024361748406,0.28947792145876733,-0.4456481074136653,-0.07805219145238458,-1.804114508038998,0.7733162738260714,0.10624873836220494,0.43572501570907646,-1.1715981627029577,0.6348107418184256,0.05642569853249631,-0.0038205865465400224,0.9214171160014114,-1.1307506642395333,-0.42470626999530847,0.5253306273571621,-0.6245899950818045,0.904001514978816,-1.6110944775645966,-1.140344254288612,0.1829339830449906,1.2870851968432497,-0.33568766990131166,-0.2504080535067586,-0.5688885307923081,-1.7401000937144333,0.5044930289007791,0.7001920746860693,-1.1610060083329274,-0.8566187999973722
-0.512861159242388,-0.10126410450802532,1.6369080804978282,0.040450906351729786,1.0878464296431765,1.3160689789501892,0.09175263872187693,-0.17913277595329202,0.7303239941320172,-0.7275228962110796,-2.0198305443427804,0.660933896076095,-0.2620146419877137,-0.9508978457900757,0.4793746783810143,0.17530078088495796,0.20270777972612541,1.2740060991257414,-1.132273305233359,0.00015697217080530194,-0.5327327340308008,-1.0191115502928974,0.10626307072817633,0.7158637760855207,-0.48367406667838525,-0.4207851578834659,-0.8480900294723634,-0.37669709429143666,0.28440768276883016,-0.6837424993491857,0.5355449834573605,0.3210284197472128,0.2662055893346275,0.06992035711070536,-1.281834882584617,-1.5029544181329948,0.4809155621583447,-0.853113461712315,1.2034447060852402,1.4461781042153408,0.6223534091413676,-0.5451873532029002,-0.46815812076905533,0.16216641709494103,0.45856506649375284,-0.08167209865401408,-2.088644142956398,0.5000198603375264,-0.4352195601068829,0.9878747754885449,1.0753658687272163,0.2744235133949854,0.13925747778375447,-0.2513645131802289,-1.0777405355020782,-0.41157517111522435,-0.06541250216774791,0.24377383947770254,0.5745077390127613,0.07460789950020824,-0.25184509201482896,0.34817581466051717,2.0905079769400334,0.49312500621069405,2.598964728143784,0.10308716269950502,-0.04196030824403416,0.30099667377871403,1.032810016833874,1.995540605485974,1.4558270291733355,0.2692072259658014,-1.0451272377997238,1.1775572143045208,1.2428169996805434,0.6130924717197838,-0.026235224609147838,-0.8804505112317548,-0.6202014459383408,-1.0753821044135594,0.42993984221573983,-0.2684913994168948,0.06816411748627747,1.4852038599881079,0.4919728875396788,0.6944194330773791,-1.2967523834374997,-1.131119629725123,-0.4599097475455675,-0.5749973652986997,0.10816601958845425,-0.48124888313510683,-1.6836640547066235,0.656290897150452,0.023886355843590168,-0.019541785651798232,0.7563660012291493,2.971767177789775,0.19124966239015914,-0.43041767927976027,-0.3647664330755589,-1.0080240859319727,1.6204378943843671,0.3163810297204703,1.1842898723036708,-0.5597945829514063,-1.0182429982376875,1.157345265876833,1.4981420531578702,-2.0779932952069307,0.5468488705576445,-0.9423286708800374,0.16146318461485507,0.12331177432084996,-1.0516727358913238,-0.05577332541266568,-1.1910325684976886,-2.0885137216359992,0.5915618999636159,-1.6457201808535913,1.0564181012103053,-1.3819517620040283,-1.2094425424729944,-1.836507241093985,-0.9165578449344227,-0.529979109857036,-1.3342018161348013,-0.296898141443279,-0.5314564182685961,1.0352592256605928,-0.17622181918910673,-1.3597752081203942,0.7013268185677989,0.6229369135697892,-1.2169738288855176,0.5780693875755594,2.8418515306119536,0.7371392703718878,-0.8993220187107019,-1.2316237181677505,0.32738521933886194,-0.0768051570222215,0.042292903763945795,0.6573911222766382,-1.3804710120087693,-0.07508611127815167,-2.2192218511844355,0.6656954076085972,-1.4400605236684585,-1.3635283346623706,-2.632512015537004,-1.1918522638938198,1.1766683424401048,1.2439961710264924,-0.6506607445707,1.3540007558234994,1.2100347305226977,-1.2163219701507115,-0.6311033471937647,1.3117208180013535,-1.003440625600114,0.7237126063867285,0.7131821593183113,-0.9880007172243239,0.1274210515391096,-0.6501738299015402,-0.9827322930467848,-0.33496842649663156,-0.17175274723396197,-0.23034652603333133,1.05160964289106,-1.9017279310396504,0.028188058644635153,-1.700065180747271,-0.4464388757535308,-0.7968146875588716,0.5367263146008918,-0.6961596318366805,-0.2676231375572691,-0.010645425284137443,-1.2456226362654985,-1.6490422622653733,0.7904854668223226,1.9665753809152025,-0.8481602356098211,0.9067349497698235,0.7318625507175635,1.0568927475355814,0.7383073324839969,1.5339378673426523,-0.8232391472424708,0.7049332392005188,-0.5621415902483787,-0.7150999984804011,0.5055249657673003,-0.49873120848082336,0.8699804963632652,1.8014994096191572,-0.9600164403515435,-0.7247363201610451,-0.0722140014901909,-0.9658384008697765,0.582929579802179,-1.0747427973705879,-0.8351831109786904,-1.0351901820046898,1.1221890115019202,0.607974901835322,2.5477360746340056,-0.28374230642015114,0.6687341214998159,0.6571411685030164,0.25049686799960164,-0.9514750372867342,-0.6797505197443626,2.7412827970853635,-0.8961935536136115,1.0837436064912256,-0.8512072898748974,-0.7332294388296522,0.15957000385184877,-0.39309970920639115,0.037489646651708494,-0.23656921033027511,-1.570202227903518,-0.3125695921905777,1.179089248223428,-0.09029611708458812,-1.435906143309617,-0.3968748406196281,-0.08993458671749843,0.30868861299535544,-0.021825535621131435,0.5047284796637568,0.2843121170187856,0.6158626020751219,0.2243547577699116,0.6284732179150533,1.8444660141276326,-0.0009103821433872992,-1.4924581834023423,0.6953516282149264,-0.320582530069491,1.2810785813396937,-0.902999336272066,-0.6991777981253803,0.7028427653335891,0.7572147513390974,0.385845239305237,1.81329908094264,0.48647898855162935,0.0917582371990553,1.3003323453055406,-0.31918857542244955,0.4866658558831609,1.495138157602923,-0.5887457589629074,1.02352403352977,1.4314738764308763,1.031132666839507,0.5816133152417277,1.023024545577364,1.271920489145244,0.7328879103196266,1.2495410069936157,-1.1427819798665497,0.5775515697280912,0.44397336042106333,-0.5627018956562434,-0.0700978930228304,-1.3391773066703474,1.3347648567951604,-0.7743900125610322,1.2607159289767316,-0.46385332409725416,-1.4088631674147831,0.23098750431176282,-1.9513055281689056,-1.0157457016478866,-0.337389726961382,-0.3909410358801124,-2.159460769498082,0.32736300154943715,0.9499630358393495,0.9066106471909414,-1.5661695743995199,1.0289646831473396,0.8907195895972585,-0.8302161776441737,-0.7746324323122968,0.822583675376336,0.2722164362158153,1.1956038561239384,0.9166368156266755,-1.5820249557342603,1.1307148220286218,0.5124549965349363,0.16881780543854036,-0.07708896916236667,-1.1232310016585805,0.4784687543168202,-3.3098846133510116,0.19614246139808503,0.6776131188270292,-0.6804180722507078,-0.49704261255181786,0.9568264915955977,-0.21455303005428408,0.19488469725569604,0.12601776455871685,-0.41975421419063397,2.216253545445552,0.5484949508250716,-1.008550130262567,-0.8707158464503123,-1.594650030990336,0.5351788735602531,-0.38723926305764594,2.2086529599732003,0.49900891758700894,-0.47861293304149083,-0.46368431016456446,1.2989206199683776,-0.9457190068271536,-0.4285107771064529,-1.580528040871745,-0.33636167558257163,-0.9641415217428478,1.0155039883752481,-0.771064584907337,1.0068818375228226,0.8103772285400499,0.07640844875265854,0.6450339180195318,-2.2235612746093127,1.0142297774706017,0.797705484290075,-0.6505059193397932,-0.10064204746252357,0.6212636286927217,-0.8283564452145855,0.7270603415008506,1.1229633085893354,-0.33256512901219,0.6323227288925237,0.5391886231991472,0.28798914519020924,0.1913853588796322,-1.154334673039917,-1.166695537040305,0.20248572379096627,-1.5184634174334655,-0.9367448854981666,-0.3293312948632922,-0.7653969726583809,-2.0177000214071468,-1.4185784218059923,0.029077945974133497,-1.5977928906482939,0.47804114957088006,0.4371405940728472,0.4152641157715402,1.3321631073603872,-0.311461072603225,-0.4422844986426458,2.1129639889497933,-1.2968314377723253,-0.7100218359214018,0.14075969665961452,-1.4022108641008342,-0.6349449099618741,-0.6225135709978463,-0.7973860556108238,-0.8041603976829718,0.31054368120028697,-0.20931972191167092,0.4963091640481432,0.02707183602684165,0.9293121512529411,0.2924936356566108,0.09387415831887655,-0.39622377617543497,0.029543968862619875,0.06365347121452518,-1.519184900756631,-0.7205583859767897,0.2716910543706121,0.2923501765869178,-0.04674775205668409,1.5780379667800384,0.8795525124884274,-1.2643250136826931,0.8829876214840641,1.6964770049134426,1.1067248751261127,0.6529791482717476,0.44845125456630275,1.6304093128137378,0.6126717459002246,0.002831139965413184,0.009064601979633696,-1.549125831029893,-1.2857704661164566,-1.10102831673464,2.217332310153565,0.7859323556559852,-0.5100281292199835,0.4234703779671162,0.16264712358897213,0.9618150773014279,-0.6646240106024458,0.2822239351752982,-0.7333996220932327,0.8422132619185257,-0.7624888152911573,0.1515978828268638,0.07137492792449247,-0.8033713894913399,-0.35552648306926027,-0.3427152127117227,-0.4788070743688628,1.2986666865987095,0.09483727678950138,0.7688666141123194,0.5188951937568066,-2.240283971219557,-1.027034438516057,2.72630065868505,0.9436023360859646,-0.6696985087749295,-0.24042169629691743,1.3901452246092512,-2.1397057392760566,-0.6244353572758907,0.9909852019986137,0.26266682037998723,0.1577330899507882,-1.2701053324061633,1.3304847753252742,-0.6117569514920619,0.35774932964020895,1.1264913675097505,1.0347083615560373,-1.2260090291166943,0.3242338797264703,1.0731429659880118,-0.19994360581066722,-0.506660424808539,-0.7807052324881488,0.18777173084772844,1.2223152729665283,-0.7886309096950379,-0.33419645014699506,0.3024967311453579,-0.7782529307899826,-0.10832727616549657,-0.24147030616274906,-1.408592338096294,0.316227359529308,-0.7917217974981904,-0.33470094177814463,0.6477496467014804,1.8154681107452506,-1.2850542369387261,0.6920983374002309,-0.10234861262333382,-1.024998865981499,0.4338835003238778,-0.09132227211543535,0.4193272855335805,0.17364271210177185,0.26034959192120927,1.3784287418124452,0.9115242365835309,-0.9447579694899233,-0.009575553314874988,1.8635161669726967,0.7081858884536478,2.8212441653268088,-0.5783796158887377,-1.8817382126443496,-2.1795380295956,0.4674707121404177,0.45316018123287355,1.4075546742098766,-0.7928971787717007,-0.3836054491887326,0.36226212119237383,0.6552529602000747,-0.033296331359928634,-0.6021929411197625,0.45477858719961517,-0.8743174653010795,-0.9983630843983432,-0.5189329393647475,-0.755482674790513,-0.7153459091937803,0.06920253728840285,0.5350245808810524,0.3512486098056285,-0.13009771512323046,0.5470629679824367,1.9104184403864632,-1.1744268899454642,-0.43562157625512066,-0.09244398635236932,0.4501987924919814,-0.23365352991422086,1.2017134946013281,1.1194077626711096,0.6857328113202872,-0.06406041042861887,-3.509868048902544,1.6152028476653773,1.5280218645151566,-0.2282381853592104,-0.5254451542020186,-0.15484355847392287,0.7114474961314372,0.7345361080368805,0.1058005463824999,-0.4755400077168188,0.7962844152651347,0.1428128997129457,-0.3363375503939346,0.7622923047831598,1.1011450290636595,-0.5046139571766035,-0.6963938702684822,0.027286783857459782,-0.1460919288770317,0.666072070524619,0.626936532855584,0.12421502592160166,-0.18593976525629602,-0.27010862748375924,-1.3827381176251452,-0.3680313536723635,-1.4241713280843253,0.017450486260587466,0.5873148092943904,0.22364141427069165,-0.5051852007517649,1.1268945707096967,-0.4969934110784357,-0.6754006587056173,0.8668602578819097,1.1364012887654125,1.2126456147574896,-0.47930546002343927,-2.117020003837661,2.0334839505156466,-0.1805945381064066,-1.0874628933255115,1.4912107061343867,-1.1489290008574116,-0.0002571313549449469,-1.6130499625057708,-0.5875500290607524,1.3981368138939119,-1.199842919179696,-0.440926989848229,-1.0427187358040073,0.7410279498395567,-0.8483019266932749,-0.2393609891306566,-1.149381267698106,0.12540778313729117,0.4390166938491084,0.3868708205520601,0.4371130811528307,0.13669078580917107,1.2670515194332026,-1.0481874263679505,-0.7501182522033896,0.58396720285707,-1.3308035198865569,0.12615986809736737,0.8993400334143475,1.5484911334163105,1.4156765915617122,0.25407007132495185,0.5676133469834669,-0.23691768485608547,-0.03561285355124544,0.38421191322406706,0.36171284381596736,0.30940344321098234,-0.5836295561208001,0.3778591385280036,0.7866637505078607,0.27802810583735377,0.6363306514691185,3.0866843051340895,0.1163024388700891,0.7960736989554729,0.704880783463937,-0.07435398864529234,-0.017533322359321563,-1.0592970425402,-0.6764904534056398,-0.3721715248265633,-1.2797658815457502,-0.7145436338053726,0.8984272033746058,1.2599495076905063,0.5344149576579689,-0.9221134828578598,0.7012475020619654,0.25582440045194177,0.9139051963062825,0.31019708074552216,-0.21336298522020825,-0.7917649905944927,0.709639976250646,0.13690904542712684,-0.9825312337807104,1.7490422662716483,-1.36635543107387,-0.8079498386570778,-1.1166776377396463,-1.0872391265447512,-0.9106834719231227,0.9542531214614726,1.011621563130568,-0.3921322188891292,0.8947404907842496,-0.0885077797999488,0.04183948316026747,-0.42279271405017815,0.2232740476652579,0.8772428534775758,0.7897271220391805,0.4858985477948081,-1.3049053666762453,0.9753052386987622,-0.22479520368460837,-1.7731327846220162,-0.1330708032902455,1.7069892251545205,-0.8710595552082856,0.28417219304741265,0.10736596839542126,0.8522048166163017,1.6230391592466888,-0.07603941753048654,-0.7743384608746049,1.4577245556749183,0.9261120510430922,0.5995227185718757,0.18836406201409223,-0.5112073229061496,0.2766312248857379,0.04306430026731028,1.2192557275286195,-0.13303177451789494,-2.232384392273134,2.146483219163287,-0.33285796116334554,-0.20132002076283753,0.5358885254501765,-1.1294404258795978,-1.9866301782211895,1.5714250102914815,0.8540238385448313,1.4322402038960291,-0.8055400679408838,0.36351081793071766,0.41475729520018007,1.107063577866315,-1.2205480665523136,-0.7202268044615822,0.06494408365835559,0.05332079345144403,-0.46938625452716254,-0.3502003599506571,-0.19252034923533384,0.09844561058075454,0.28647933793094743,-0.57233359506286,-0.615332368029537,-1.264788039256278,1.3847162170187326,-2.1310930914831374,-0.6850067074586395,0.11621250775117833,0.22861511233609136,0.33626435905125796,-0.6611980765561895,-0.9787137064041165,-0.3306703232814183,-0.7237389050434497,0.5170590207014895,-0.8618593375588782,-0.4178123267568106,-0.6856138514267711,-0.33052739946998966,0.6899929932197387,0.11372838438774803,-1.1321090709701298,0.0019263317853234266,2.0833917082929916,-0.5750853848092216,-1.1632446914588486,0.44161045507803254,-1.1124017199726721,-0.965027609332439,1.1267974559494291,-3.283017352655991,-2.451799781732702,-0.5477308126089947,0.38480546746780714,-0.4604029443363668,-1.5305289013458774,0.23425169289308678,0.29963773751484785,-0.17346751397588184,0.43107538092658415,-1.027667088627058,-1.635724218332197,-1.360845746776001,1.5937503609440369,-1.0972924770877799,-0.16926939965904803,-0.050152697248581,-1.293132884677727,0.585915251529732,0.5465698067888556,1.2503223881008703,-1.322751837679977,-0.40649078920655596,1.871389204795265,0.5539823281586568,-0.059510123954112745,-1.8883303068165114,0.023791960698405994,-0.03771453973654776,1.311484640907159,-0.07867358784687085,-0.3153832694635875,0.1989506379085867,-0.330681754413147,1.6790134517642081,-1.6789607470764913,1.0796371898227966,-1.7916209500458733,-0.9885258452323844,0.5791241272462536,0.495453238399396,-1.6612332409832593,2.3897569615458787,-0.08567705666348555,1.494769066747279,-0.9017715302013468,-0.8087130188413694,-1.0053710596102474,-0.1600655316058869,-0.29610604782768735,-0.026069846997559615,-1.0969700095625103,0.36437491498088015,-0.06319686840973368,-0.6856584563477429,-0.6670761483013042,0.041649791979117855,-0.3178582519670684,-1.4358446012522914,0.010801119869220745,0.11520457025303685,-0.15612846328353608,-1.3785547767181043,0.46884607795409394,1.6033343161623765,0.9195582196438798,0.607545251318448,0.237331362866503,0.04835717020658045,1.3007187297533138,1.6328923470720296,-1.3075118939643346,0.2433458078562847,-0.6855078961880657,1.4408608205470994,-0.17680215802792587,0.11028139908706902,-0.5643483773963494,0.37156164812174697,-1.0772501849429408,-0.6691452971063317,-0.5572398442738791,-0.1624811044100894,-0.6437671001604819,0.35188799549565575,-0.5016384541110142,-0.6759073225668313,1.3897665859574568,-1.7186513740057399,0.31018298065946603,-2.228700727557657,-1.4301397100579138,-1.2258033976189897,-0.35981743090297935,-0.30055662041994347,-1.8401893151182245,-2.0766360513458704,-1.5183370634463351,0.09227928925593881,-0.1254308907068951,0.715550126255599,0.7817224330085717,-0.053803308099358446,0.4648315879886894,0.5907860530542842,0.019471280937425298,-0.37399165339462753,-1.472513044411216,-0.4241539541158592,-0.041115455692765326,-0.045505693783428385,-0.8756988404128232,-0.9430580889916805,0.26608444427405864,0.9777083995708594,-0.4805640003479459,0.4949654853403208,-0.14197659901027362,-0.08927205353682326,-0.14052074786881896,1.7287957424535447,-0.8298334356001608,2.066475684267986,1.3823629797987842,-1.7397629968256005,1.4333235187507025,0.656018907830609,-0.6290680000667233,0.40784114689624656,0.94862778269125,0.7811539771248518,-1.0571662294839241,-1.2070276757610754,0.7814034041337089,-0.05455127793735342,0.5832617791843434,-0.35693354225227036,0.5347416580962134,1.1563900047981668,1.5261165109949415,-2.135781999183086,1.1926145510187292,-0.6212372352744563,0.50946617122314,-2.1710206775933107,-1.2100108917016925,0.149121105302576,0.4959371397352402,-2.2095109786088134,1.1734016379357135,0.6780260439261834,-1.0052332770706327,-0.13578128626186492,0.918568370975183,-0.9888828312832735,-0.40479920380701906,1.9903144257820067,1.625216449882162,0.6441091040344363,-1.553287246855385,-2.2779282931085345,1.1977448280966614,-0.4282516711133946,-0.5575359202225633,-2.372243921113396,-0.1459319884058269,0.2709022398104867,2.0970389939502705,1.065945257509165,-0.08107595974376877,-0.06990997553012111,-0.1559781207184078,0.2596787640763689,0.14056311285317277,-0.23376187942638613,-0.4524554774557347,-0.31258385476700556,-0.33878234976011906,0.7180949009673384,0.7615032349005163,0.19951606680572662,-0.18602224493339736,-0.7224166855722262,0.37203591993802315,-1.0391953042359814,-0.875556071802531,1.6910350672088639,0.025673660053946102,-0.48923637707764345,1.6861501064884319,-0.8399848829744014,0.23206694432703387,-0.561540625368345,-0.7020559720092796,0.4931617755394579,-0.49715931037719446,1.2802302221978938,-0.8480071138349908,-0.20887020842291265,-0.46918524242626897,-0.1196613347787416,-1.2719540949250139,-0.813252436124659,-0.7392031599913885,-1.1962017261449285,1.541194568461676,-0.7497339732616232,-0.06303891963686126,-0.37523754553136185,1.2691949263005655,0.4179200728139896,0.7168699906788798,-1.0327529503769886,0.539915135905123,0.4443420860595346,0.8723261383998654,-0.3815885398615115,-0.10182548599144114,-0.13520269491660764,-1.59773407069842,-1.5033607371590718,1.5394645105022213,-1.3884698513924059,2.193439336713214,-2.2177953538534556,0.4533549476683599,0.5943572494859017,1.261792942063235,-1.6575256598977557,-1.8266212173893368,1.1207970221458552,0.12781244275487616,0.8822664195549345,0.27071549649720883,-0.9345157536171529,-0.8688711395723049,0.24429154293078909,0.000239496347252405,-1.811278432307082,-0.14065063235627898,-0.05195445626056842,-0.9604548480757044,-2.40455659837861,0.49321274316795904,-1.0929164750359852,-0.5452458956858631,0.658425955278101,2.483861361399944,-0.6368251280300123,-0.17136792810076343,0.8901906414419977,0.38767942115541104,-0.4760241610586069,0.6459487031781527,-0.5495979693953998,-0.14627611584072941,0.04692597903068165,0.006813424280733179,-0.580942224526257,-1.4049903689830872,-0.6389149589008011,-0.8097809388333223,-0.7528749372506639,-0.6747130416274837,-0.31537181080720783,0.24128228802470086,1.0246417322157502,-0.6935709421234538,-0.19586539329958,-0.4641666210424428,-0.9790002693764266,-0.19887214899909966,-2.5527029517218778,-0.22490778686978727,-0.11921260534815706,1.0415273876357218,0.40636209040230564,0.9088105860818617,-0.4796856194305604,0.6166646004907427,0.46309940463741406,0.4193301424508325,-0.15422107738226234,-0.3201400223663847,-1.3041746492599078,-0.18102576356296737,-1.6856698900868707,-0.21660341313875198,1.73307100882335,2.03040700621561,0.8734148199927214,0.01491825551052358
0.2115953908464784,0.3313365487303311,-0.4041217430709526,-1.175937143695134,-0.549253562883051,1.1862297967340003,-0.17724713814096518,-1.100691493388859,0.8039315528381442,0.9058959584191697,-1.2500959920538106,-0.5768443201474532,-1.42774316449594,1.9034654360732273,0.6978722391165133,-1.4785445440546885,0.9602026210336073,-1.001190643837544,-0.39572812826635634,-0.9360691620240136,-0.3656696620657177,0.6070811760236896,0.8637179742075928,1.2067798030064218,0.7927827078106344,-2.1905538625951495,0.1862017073553241,-0.2713999595487202,-1.1686166622412737,0.4578373418325819,-0.4764240199435902,-1.039298995636958,0.7601400814908317,0.159806818145263,1.658846176514854,0.24306179333012923,0.856115068740673,1.3417977636699359,0.8312102647254962,-0.7038011688494046,0.35329321660529384,-0.37641503784671,-0.34347955751946646,-1.0479617312710574,1.5267277110437374,-1.0229037381642128,0.25186378098265916,-1.3504810318371083,0.7040320810381487,0.0021592374395821884,0.872810278189022,-0.8752887962725876,0.5157357242815598,-0.9125330075305442,0.8039888073625654,1.223958523004201,-0.29031027462923487,0.3595495943306707,-1.0932532236408603,-0.8605093995200649,-0.431052876590963,-0.21505313241782872,1.9228687907238133,0.3035217496247624,-0.9925206970759816,0.6861648007775764,-0.8778726223444323,-0.5661554394795985,0.05549510490197175,0.585294679101848,-1.2842935901805577,-1.0715190929045932,-0.21024485181926883,-0.9115604819117151,0.5828858926266487,0.47026054558406377,0.86886922030977,0.10052462767002174,0.42125981748207547,-0.17460512523382968,-0.7060538033758867,-1.085190716409213,0.9853079067830325,-0.7423222800966777,1.8259610560469035,1.2530249334033998,-1.2212109329693601,-1.9367601657731217,0.39142596580909295,0.8421126409195292,1.3863881942429381,-0.1939253893783601,-0.781627056944817,0.020371745976406293,0.45042998096213493,1.21591906721957,0.9260460075260648,2.0931820277795383,-0.5499126382625203,0.9389988277165142,1.6358733874008384,-0.42031152244129777,-1.1777745991243314,0.3121247167007081,0.526310016773879,-0.1594051822508344,1.6990993243964905,0.8182845208459353,-0.24766994324093947,-0.1129289732576727,-0.46231163786760954,-0.8047701059587764,-1.03161194006799,0.2685195127241021,0.5180541462519238,-1.7874516660472441,-1.345838918915958,0.03408024209893717,-0.23515048373857667,-0.42656209053878613,0.002444793372484769,-0.1784605624760785,0.8036422543687378,-0.6836982263768333,2.1560100327545184,-0.16836543445494523,0.7732398022065966,-0.5967917169446909,-0.1977430780635796,2.530400578734803,-0.23846959965064513,-0.7204002508521892,0.7706982903199844,-1.1880048284571878,-0.4366536204838498,-0.18673747599625048,0.6863806234693175,-0.5498754575776961,-0.9874582650162272,-0.8897438589579454,1.170893289170229,-0.3221872225582495,0.2016144653516719,0.6929465049194177,-0.806231025059679,1.1316944153504047,-0.7002862631127531,-0.9021813365181194,0.9292518636313024,-0.2540600423338209,0.1548577007993141,-2.0210126502415613,0.508831177850092,1.2251306219476883,-1.0018723118150539,-2.473258212794737,-0.19446824689832634,0.3315250495603191,-1.758622330862881,0.22723793009551566,1.2194932022541987,0.37305931953801313,-0.20455351455841012,0.98078564209856,-0.9755415295231283,-1.41293243578808,-0.62749286785944,-1.6296622304132597,0.119119169536277,-0.3379204861496882,0.14335680054008174,1.320645181057011,-0.6236701555614411,1.5351455125220184,-1.9612405079140285,0.5127746734962194,-1.9279301268867548,-0.9884456372309104,-0.45326925315732997,-0.6553677827105243,1.2147627431415706,-0.7438157779931805,-0.8305908363155492,1.3440097303385174,-0.2241148243783315,0.7025208354803059,0.08474827074085643,-0.4891422914946837,0.2926447664237842,-0.48575334268569487,-0.7144781044961275,-0.06286234255675664,0.09976042434908361,-0.18968158182111622,-0.26314404293638555,0.9502665514870958,1.5752192018800029,-2.2558717737202887,-1.194048648466288,-0.3349350193130658,1.8793145861499483,0.8277291902727464,0.18270061253437353,0.9406066264054979,0.8033695986633264,-0.5170578084638688,0.2410251061675873,1.7355539279203325,0.0543005592973401,-0.20297207350897212,0.03165558591840191,1.1460885629291446,-1.4075506149373773,-0.8742803653363224,1.1172996550007455,-1.3852465156481486,1.0433487892275495,0.6304312772377162,-1.7507765744878596,-1.872268386936507,1.1013029554246092,-0.3861857681072016,-0.6692327185283484,-0.288076641277584,0.9453843440355355,-0.3447520224994278,0.7320905727475846,0.5938465570778118,-0.2792994159744059,1.9987228123529925,1.040837930624174,-1.1963155838456028,-0.9085003943348857,-0.5222140539915217,-0.7858131845274096,0.4488464333374621,-1.6232461019517397,-2.3815721699353616,1.3704662003949535,0.29337814039538873,0.9137171475025492,-0.766241720565662,0.47296800817803536,1.3680414565061791,1.0822237191172963,-0.5722805184734999,0.10902132483947917,1.1940783612601191,-0.33462313410932465,0.9155587597574917,0.44487702940372964,-1.1946969376037204,1.012073633114022,0.7487616857822829,0.789346173710899,-1.1856786451571202,-1.585722494239667,0.6042959375238454,1.213269580461045,0.5760456769234763,0.2517445099279219,0.31063479715858183,-0.987219373395296,-0.07142445129017085,-0.4260128763758375,-0.8938963432694159,-0.2954969354000669,0.06189265269586133,-1.7749872171412988,-0.07855414176437904,-0.7942993040025517,0.6884705830174398,-0.3486272491037418,2.2022532350834325,0.09442527376099039,1.6959181263546235,0.05743626637782107,-1.144021335557415,-0.5622458261526433,0.7533910696500289,-0.1285248871926317,1.2694760265568925,-1.8667691268819544,-0.665059798059059,-0.42642136632517974,0.24754845365797637,0.7496856578034119,0.3531517148669471,1.5568284251296536,1.2525955798771495,0.2040560577735174,-0.7806569368848139,0.3667256098969462,-0.3696023213684345,-0.2335933548784372,0.3329083945277246,0.8881248279526893,-1.294802399396313,-0.04014301539324168,-0.30220037774722147,-1.0569549983733924,-1.5394277995467927,0.310039838111034,1.496380136230249,-0.4368571151949769,-0.016579728584406688,-1.589558028810465,0.7811733160411798,-0.07458688968815233,1.511710658010084,0.14696127917066742,0.9928613618272754,0.5675843095027591,-0.8298536464651208,-0.619133004639054,0.8924330563343175,0.1831525395321591,-0.46728584791086003,2.0267882399589183,1.7535724671321236,1.0570038063805625,-0.6348241133844308,-1.0813879788721885,-1.2138076373240483,0.4776187046552303,-0.1856680446648082,0.12142439280282782,-2.195615955537241,-1.342703588327803,1.000345454802618,0.06413905324292474,-0.2021362898341183,-0.8291910009857382,0.8909956534614062,1.0549783826802799,1.6694981234207897,1.2735327227326956,0.4693712027614197,0.016389524031927907,0.36824603014587126,0.8627280627601136,1.854669116121716,0.26789140320597726,0.5471884564026133,-1.3054277105865797,2.665766830975744,0.08673874201747406,-1.0635295822892814,0.22823503711448645,1.4330873841999217,0.7504061050250055,-0.3079375679992413,0.04728308427477344,0.4110325163301474,-1.6581526850865094,-0.9527925991957106,0.11604695673275864,0.2762718672425844,-0.05148059393759391,-0.5155805686165309,0.7015395517399948,2.113446406059147,0.07758625680796326,0.4873529806522246,-0.792042804527172,-0.38358170795790886,0.742916048927121,0.7625096955446299,0.4876969908606003,-0.0011185400374149634,1.1659217296646036,0.1111520525896454,-1.1537879545044114,0.06646636053616904,-1.6839191192439205,0.6737331689580116,0.9253153256294858,-0.6919726612635069,0.7003497281184685,0.31268029218405835,0.25521910523290126,-0.0055581569080169375,-0.07374321524456476,0.04363361715339945,0.2425494181381599,-1.3323958861376741,0.336637724329988,-1.0029481759818741,0.48321309842316007,0.6832291033207788,0.17013064666618047,1.6948749017592157,0.23907641767529902,-0.45070582772455214,1.3006913967299183,-0.3072481144942447,-0.21743080587973773,0.5624705432888472,1.4637156094922172,-0.12006595834501803,-1.0040199653520079,-1.1822529214936066,0.8133633316185851,-0.28809130389287685,1.1577663067912607,-1.1069956893089288,-1.0781735736833609,-0.06631338837616102,0.5894527415743407,1.4459108878063853,1.0993427633773083,0.28332816739964034,-0.317926463160598,-0.8146216470369426,0.914056053911397,1.0036938812534413,-2.4771619844748933,0.32326115479437856,0.17873688175366345,1.9935633146852796,-0.6423353716300627,-1.3535502392522991,0.46959833931304973,1.5422037176195957,1.1284072125472289,2.248879811701758,0.7864508188470668,0.14628617610981273,1.3157732285110906,-0.2669161408535912,-0.38399102413580827,0.23989960861831347,-2.123759170292355,-0.09139995483642974,-0.19000559103361567,1.3636136303140487,-1.5215434438108375,-1.4895867822524642,0.6966362628735217,0.252716177777546,-1.469185778439085,1.0898524467770458,0.22420779899286353,-0.07998710616069452,-0.30307987186588703,-0.5306063226277437,1.1195830496203922,0.028996446242969803,0.08952100886529048,-3.0136379141289797,-1.5869360028275108,-2.364155918808755,-0.7351480381591777,-0.7981971984621863,0.7231640138794587,-0.2023625997502205,-1.6388283147307932,1.2230630034306407,1.024429916195399,-0.07167527561932256,1.0291309422810768,-0.9981101033099578,0.7075010564715023,0.2997810716596697,-0.06367128600303194,0.3947341596519105,-0.3899313238860927,-1.4119595237360882,-0.7792394305581025,0.808017131160202,0.41106901646360167,-0.6721357272986491,-0.5768854715937951,1.0769863180126853,2.0919752207330435,0.9120619242277204,-1.1800467701712873,2.7208758009057985,0.5238114100181221,0.5255515026919606,-1.489254274161681,1.1627804988170558,1.029150739015783,0.404901950282422,0.3918701076748105,1.2819403632889774,1.1738817524952518,0.14566144062089528,1.1487174530105613,-0.19749724893488543,-1.4181884033719447,0.8052081835954455,0.9113467574408141,-1.459819476030318,1.302597202279067,1.2028749071939961,-0.17121995253830632,-0.539705878737677,-0.36325446179968285,-1.7959636615398786,1.0127175335883782,-0.3762061861805827,-0.4845215255306451,-0.6700332633988885,0.5631753477630074,-0.09495922457631827,-1.0704431415972517,0.5923123053122301,1.708763992934291,0.3985154721951598,-1.1218199961368251,0.06628634608083975,1.0032179867123912,-0.8622857709991196,1.8433910098063322,-1.1977520973126627,0.5819960110206683,0.16611552326726103,0.7536619522372934,-0.42912572495772255,-0.46499356295525157,0.916904066685062,0.4799610010736146,0.3335572173227705,1.5126410046249208,-1.2328456516977402,1.4015552181183069,-0.2145554025684712,-0.29342482597261466,1.8253243201362377,0.81203099908192,1.2730132628404545,0.7371248236322898,-0.7115171139563161,1.3924291158998994,0.821458954343744,-1.3216229044784602,0.37221550465487674,0.5815308747865545,-0.3731768497140111,-0.0006600544855342277,0.36169356090581695,-0.4622816177710954,-1.1773327840262076,1.6344326234938158,0.2300525962499322,2.0908598584764886,0.31214497091447174,-0.5959792018074144,0.48173751429744693,-0.6060253819866147,-1.4204481589271432,0.6966890038522561,-0.5428511160996254,0.46773373831457843,0.7174256963140508,-0.6550821388737579,1.053522593034033,-0.08416459451434777,-0.032894855567706834,-0.8952616344506543,1.957142717707566,0.46635561084704474,-1.4825333068036703,0.37834775963345735,0.8214103058031851,-0.17493583650512387,-0.5626396979377459,-0.6535395450016502,1.681798628179675,0.7829882164985819,-0.7063771343374328,0.43781839044925663,-0.5213422409696309,0.8812681826644836,0.22989311843967494,0.3669383063551687,0.8484579310445639,1.0162534032228305,0.31998536987781523,1.7588403516536655,0.07544129347972811,0.5817345031145981,-0.06358803508709672,2.015795721396004,-0.3873944607849047,-0.5724289568245375,0.7444488059554579,0.12773075145286084,-2.5302394078409067,1.5925438547788089,0.7476734007250657,-1.5465289047735933,0.4454026581938195,0.9562521607210037,-0.20460863332583443,0.05592111323288156,0.9130664301106294,-0.6183044121068675,0.7304160210542241,0.6833776558486272,0.9011662335771343,-0.295598616461029,-1.014201203056568,0.8193655229028349,-0.6862506590403916,1.1568240543862456,0.4380653625337717,-2.226050561092762,1.973642246705256,2.1498852969989604,0.4995641947318846,-0.8331228852123315,-0.8628661521492955,1.361359658676408,0.40047151871959596,0.6817540722256255,-1.3404612565528353,-0.4159077977197141,-0.1842785953793948,-0.29289020690340234,0.4017969501040489,0.1388218885502278,-0.1827212520223339,1.582259505024658,-0.5754986550757376,-0.2120094578315836,1.4298823782235095,-0.41699470471083405,0.8428450185222255,0.8372989253120304,-1.153769903227252,0.1155054619445736,1.421498363940122,1.3197186757869535,-1.2554948612959442,-0.5050331754421815,-1.2180006527369656,2.235777771989345,-0.06889782264746301,-0.9017712234268688,0.8369195386741924,-1.6837061858090068,0.8257467313086568,2.1379323928647747,-0.9556944052833767,0.3261013162485016,0.5937752619067486,-0.038652933181134136,0.0113123949409633,-0.7784844075679672,-0.539855531392941,-0.2195426599152456,0.743662228865435,1.5754475908211414,0.4735220494824593,0.6929635955956706,-0.8332208823394383,-0.8018222459945846,-1.909964228706107,1.4456059606124831,0.6163503443076818,-0.4015759946110077,0.7122789358954487,-0.38513767261292137,-0.34317291689288,3.609344579942633,0.6796544281308619,0.36066372154195475,-0.956773581454309,-0.31875311750668966,-0.208471493745343,0.3626666489886242,-0.10110853034198929,-0.10950069816890987,1.2491988304077757,0.7299202898753548,-0.8825850330411328,-0.8430121566175207,-0.6439753708030029,0.5557275039563512,-0.4370972464854932,0.02271799608762496,-0.4588591398202889,-0.8986467383002399,-0.3943844603611056,0.22913740400570692,-0.4312466381661893,0.2223309749335426,1.2876881967731468,-1.2144441006468876,0.13040386540947427,-1.655563973750754,-1.3295150230011392,1.2640169644086061,-1.9500972484121002,0.5352476554533874,-0.6792639944838414,0.8224147863593736,-0.5533814075836431,-0.964997079307353,-0.33070744534008356,-2.0472924748234833,-0.0502996650486609,-0.042566023212482006,0.03824017806610335,0.8578602196843422,2.328607427762212,-0.6233371998728019,-1.0529563349049322,-1.7731834688865953,0.1450957347720584,-0.5869868905507182,-1.2484241215509118,0.11824056267123903,0.6100941155324914,-0.694122480400352,1.0605352434961977,1.1948171222247614,0.6214762812246617,-1.5005624374401278,-0.4626743129040127,-0.3493620635733255,0.2988778678813675,-0.411948839680074,-0.6061438558086548,0.3142956920693381,0.3655851925381412,0.8434770804425611,0.4037301968597922,-1.4368190419380769,-1.0660054372798744,0.4583910421255243,-0.9483137357572291,0.10197898292951782,0.4200640317807519,-0.37233753490942567,-0.9287441223469585,-0.7586032169030562,-0.385573820031709,-0.9688635375068447,0.005812541403656786,-0.7017712606983775,-0.51439839849567,1.0709182042765115,-0.6046901928810136,-0.7645025244947123,0.5014710363904928,0.7958258860963918,-0.38681539582513513,1.921077353435985,0.6544331931296613,0.8093046639557882,0.6706349005427001,0.027954336719621185,1.7521540937251467,0.4110391389182625,1.8966614164607873,0.7587720745242319,1.4403213003313877,1.2281405801820997,-2.039502145242869,1.7674266401853185,-2.460391985252359,0.6556394454034221,0.33866828749768957,-1.1313573302347177,1.1253398298715591,0.3351509030197806,-0.4742577453008536,-0.20490609135053595,-1.3000118696179672,0.004926794095433463,-0.6363000513650003,-0.6449133488035695,-1.8837649372394674,0.1934090959789886,-0.6722250192329323,0.2837761250580101,0.33749223716624016,-1.0732976504389737,-1.1614084702896301,2.8130835352289005,-0.04675576454582236,0.6583272355211145,0.6149503816879734,0.07102485669503245,0.6413320406885921,0.46803534966076094,0.3206572715133419,-1.0212306992492266,-1.2274595051168569,1.2558356518730636,-1.1941140641385586,-1.5079398317757398,-0.9427450559507077,0.060855589878958075,-1.1520875556891004,-0.2944067971339417,-0.31007127430032855,0.19729743477450967,1.0486116826826755,-1.7876397335752676,1.7727735439988817,1.8333716778075972,1.4389569419953518,-2.112327581742736,0.3557660265518105,0.007007799506878625,-0.6186920684543039,0.6691711304531888,1.655912576303576,0.06856455986339857,-1.3700068962885397,0.5014595142593012,-0.5486349271124475,0.6196094166197883,0.5567039388481997,0.6472144008092079,0.6250552861808161,-0.3456188897871456,0.14191467189738752,0.15470836018012885,1.113290565816402,-0.4634300042392167,-1.115590980244354,-0.5614819351568472,-0.3331052654812161,0.6293937691225648,1.685009042461713,-0.6760244385534089,-1.9379446909295235,-1.2618292541260179,1.6753091423143642,-0.2679035532985725,-1.0728124596268456,1.0734163003724235,-0.6438295576279839,1.7251550243353826,1.814976772058683,-0.027281537398260503,0.41276311016147227,-0.36799865896227174,0.6594196116207116,-0.19806588714635692,0.5965965591466905,-1.4774145924515807,-0.5096195178573905,-0.4024960534781102,-0.15211341931202488,-0.9125709500893834,-1.8217380027385965,-1.9612979138625921,-0.6527528550973012,-0.8908520237760907,-0.7077533125466974,-0.2640320429847976,0.8331302667112083,-0.2751950841546974,0.3742827488292079,1.1571036436359603,-0.7971215356401449,-0.14709076119723974,-0.7292183522720052,-0.7110277145890523,-0.5390123764080788,-0.6767271288360005,-0.3757205142168956,2.384524966626332,0.07597665934886903,0.47448427963110246,-0.9367927615215159,0.13955807125922046,-0.6970916642466586,1.8025062139580694,-0.9597347822153546,-0.5272503137164231,-0.44677352387890606,0.10853109138105599,-0.6125523077884146,1.9453807728576218,1.489235110559095,0.46714461318740275,-0.29961818393800915,-0.837164911853421,-0.02700709382035248,0.10516500163296925,1.0040643110366496,-0.7113547719117187,0.6870720645650231,-0.5648425933894856,-1.4888684740871176,-0.8779243769108664,-0.8878078668865308,0.025266734820496246,0.013020237066556787,-1.1549540137905792,1.041154667637915,-1.055750894933846,0.6415170062655702,-2.8176213704767203,-1.927461347899678,1.5337163575968977,1.207111780490006,-0.41889429921446925,0.7613697993856511,0.2219250720791406,-0.3467228862607117,0.3944385858235397,1.1642400233395036,0.6613326986105414,-1.5404637786346909,0.010799526853821309,3.252211829585366,-0.4187640031830885,-0.17201827272063852,-1.504135772841616,-1.1222934199078247,-1.989097556724066,0.699902308283256,0.9364321829142627,-1.076367502263502,0.7272547436750272,-0.8444271584766504,0.14827034981658127,0.9570607328272359,-0.8044056301411323,0.30248142459208005,1.2204201319886905,0.11939468762460007,0.7955286840007834,-0.6989816296738235,0.19805515306495006,0.9320107411240144,0.5856912442139706,-0.6752086332585063,0.412045171315217,-0.5577721363198421,1.4581036513048533,-0.9677789487547286,2.042847604915756,-0.7460277603279973,-0.5882501597290226,-0.05809682439790369,-1.1474077396653393,0.32733439642421186,-1.9783845624251353,0.4588641611154353,0.3366453184604365,-0.0135499342995697,0.06141942123371691,1.0629848423470825,0.5896451782477579,-0.4392757386381828,0.44630443998385466,1.6903360550169417,-0.21327439290591438,-1.0950189855389691,-0.335327153726609,1.2024948595305265,0.008267021597751636,0.569535302137293,0.025571381090270715,0.8060492761786172,1.2016371089540738,-0.23383280300889003,-0.17654407230295294,1.773086919764389,-0.45459796244801653,1.0354343327855073,-0.8655757011003924,0.8453577660203341,-0.5965640568576712,-0.20236059573919693,0.7647866743401911,0.7341345340785117,0.814691157575434,0.45966451214195675,1.346734588605244,1.6162056405158343,-0.5932346639406642,0.07129557730743878,0.9046541469984583,-0.5960709197205422,-0.3731810336603801,-0.4185688176162967,-1.128202575220521,-0.12696191500532475,1.2297020031061319,0.3842584735325771,1.3294388771970271,1.2049291548005574,-1.1559059404100729,0.5989037545764981,-1.199805862143155,-0.05768143433654892,1.1405533516149755,1.2017990961690466,-0.7393127819147709,-1.5099862691379513
-2.6049145322168505,-0.4284389647484398,0.4143792100074668,-1.1887806334289897,0.4013002044854585,-0.08222741499967351,0.17617010030324218,0.5185543163985633,-1.8880010486527745,0.49970447876926527,-1.1178286035813172,-0.10682949848855103,-0.266253646264823,1.0920270177763516,-0.24166988816222895,0.48571145582678293,0.8259185516217317,-0.5306258495446371,1.1496809165592263,0.7116281750090149,0.16126457719622503,-2.575411296878196,0.985098977845141,1.127685741715995,-1.3311703076261963,-1.8391917116336989,-0.2027680819831157,1.965117893603311,0.05824152069674688,0.06299200554400865,0.2319025190731904,-0.6979038008431052,-1.1323399542997987,-0.309444464730895,1.4757785703211046,0.8773315721253975,0.7580036604379847,0.30818190319916483,-0.2995309952374788,-0.9924120723756791,-0.7057438605425164,1.1840333671921255,1.192489189458043,-0.38460990815228774,0.7271166325488609,-0.3995881918859512,-1.7554768689008913,0.4290862319893243,0.29248248654292874,-0.4995931453955883,1.0450056872087856,-0.3671778339533538,1.0391742498393164,-0.2734412776938939,1.2013920555414377,1.1041496932711212,-0.3578785798278365,1.668210006780765,-1.5569677025678939,-1.0186630772014,-1.080399682771507,-0.4009361550941631,-0.3979658808018328,-0.6094399232715811,-0.6739434235675719,-0.12097064825837653,0.653556242008457,1.1563665248632506,1.38997413516435,-0.8941957895718982,-1.1517151219032054,-0.7861420844592556,-0.4497751499197897,-0.058238299913361435,0.8975375131375019,0.4316130789225381,-0.11676798664309096,-0.9198758295355418,1.071333629060624,-0.06921811162083662,-0.29376155692303035,-0.39385927956317,0.6472117705261665,-0.382915345428414,1.1201055324267883,1.026072538094585,-0.86957751846208,-2.342575095017796,0.617290572321402,2.07692541981068,1.7131069517771385,0.8564718571533535,-0.39984679000435674,-0.14264351991154314,0.47901472078704566,1.6489855173427153,0.6418864273298106,2.031944491570512,-0.7050547057407651,0.31343613769281425,-0.15409722845670193,0.7828892316377536,-0.48387477061940487,0.37503181625815246,1.449219162271528,1.3466479054956104,0.5685606722177605,0.19175903176913625,-0.5579690718274262,-0.011204138371318945,-0.7955107051670164,0.13561647352144607,0.10625947780312868,-1.067626920773578,1.0663758124317015,-0.16674395206952505,-1.9572911335816012,0.05040337206809916,1.2407602644852096,0.1252467421293502,-0.293661538504437,1.2387431011687458,-0.9390660471026696,-1.9372894703293115,0.6910796921817488,-0.8551177478454144,0.00935003866121558,-1.5296851312423974,-0.4060353484970642,1.0796825258011518,-0.820776306786241,-0.9688634055811461,0.19712427024033008,-0.9348296274353346,1.1666495486765127,0.08249465360331767,0.5503569518067531,-0.40231597878227643,-0.0006148300631689595,0.21645539868936872,1.1218258998307442,-1.2395958562384066,-0.421499527125173,0.8712177332422194,-0.4933874014431084,-1.2999116426907265,1.9738911946013606,-0.6449074195857046,1.0776327414833882,1.0002952921346178,-1.7394065872773583,-2.4561833185788107,0.461967397239962,0.5010762398344399,0.08753345397639359,0.1064342570694642,-0.9659424633308672,0.06809335019893266,-2.380914192356114,1.2532869844778523,0.08519391170736523,0.6478658568229109,0.12929353591496093,0.41974380671569594,-1.1665073947353541,-1.4331618603553602,-0.6444960809038703,-0.09357381904183272,-0.8242944535258074,0.6663543799770895,-0.3403556547654926,0.5542216575363175,1.0830242140184325,0.7243599327601143,-1.6023613215208823,-0.5658891859333556,-0.5779417045306826,-0.4846379999552611,-0.163656325261148,-1.0710137843893581,1.7913065579897307,-0.572949744120164,0.076962413018792,-0.3039651317879403,-1.3744175223404358,0.42828004820758975,-1.1272864496600397,-0.1587092898968984,0.06264305544388062,-1.4585450335968184,-2.9744272246076777,1.3510877530303638,-0.4293440103643521,0.6111021222344231,-0.300357155925905,-0.24633965835459665,0.02179400364642508,-1.918494556853506,-1.637119305726974,-0.13827189839849807,0.07329803052053675,1.2627945249097714,1.7130052896665282,0.30611705035716724,0.5813959888409053,0.47205484677959353,0.02325723145511344,2.4772314141403804,1.0472897990114325,-0.5455490831146333,-0.022035696105711586,0.612399754307406,-0.6379101236392015,-1.2328738528348089,1.86759351042166,-1.4581023913376518,1.4734269939864568,1.16629054237358,-0.9553138096702555,-1.2720945151309344,1.1850398898045587,-0.1333133047902807,1.2805642386057878,-0.32609118274393695,-1.7487126026655089,-0.06289699776350521,-1.5496675765220047,0.39831652284819463,0.7365654185300303,-1.2285326034402475,0.21619269742434752,-0.459924292069479,-0.5774385737048083,-1.0468424851458662,0.28983211294683664,-0.7111140978524149,-1.803994090754209,-1.6860901027401898,0.12107766982248495,0.6617447470554241,0.2021522078108272,-1.1199350010753302,0.18917043004247192,0.64948773314173,-0.5440133986171676,1.767095304610589,0.6429757801817532,0.6153768251913104,-0.13170099375163016,-0.4648431712434774,0.07644168661054188,-0.13631278202735803,-1.063756030301909,1.8899854221903216,0.2517988742032857,-0.42382594283417346,-1.0623787232337911,-0.8922895557705866,1.2836027586409966,2.0254653397289126,1.1064390847577177,0.11720274567764478,-0.9347525118280909,-0.5165835361632634,-1.0498527004528775,-2.4919783464600758,-2.0788613307311823,0.4452887538020898,-1.637899233188717,-0.7781456519344818,-1.3183404680259931,0.5449803642143625,-0.4401813118475816,0.26724045234743266,-0.5475834069955888,1.5849347735438681,-0.41720808837573475,-0.4241677498740554,0.9107747034191046,1.9890737067097997,-0.5015147401095817,1.0105772033064584,-2.1627819153315158,-1.4920558996535285,0.5020717925078272,0.3191763507711801,1.229001557146666,1.0649293884355893,-1.5413692145563236,0.1334137190694281,0.2154281393912142,-0.3279529402473025,1.5616372559047496,0.401282383007091,-0.0992576647222707,2.433186126727914,1.8541086151985666,-1.547188404111106,0.03320575559012767,1.5240438629918878,-2.3897523833207783,-2.519702879948278,-0.20581138954423825,0.6339444097640801,-0.5318107472300149,0.003718657168079877,-0.33509437739569037,-1.0447728880844438,-0.8233609507240367,-0.2935288670882186,-0.5991465312936781,0.5597034071743106,1.7379512187885477,0.27063170738835246,-0.6280689600587803,0.6577198126648357,1.39332976686991,-0.44311033421738716,2.409395317265674,1.1533097601282947,0.6610732781843955,-0.01709707628106266,-1.2489784934498518,-1.713472033221916,-0.6034243266963699,-0.6039423301436725,-1.0346643811568592,-1.5594999925150548,-1.8682339252202294,-0.9072297190893126,-0.047453372706390155,-0.8200279133494646,-1.1575450323310745,-0.421961228526238,0.2809371629289843,0.5980863538361588,0.19002744285078033,-0.4387971746929881,0.50058325206934,2.2225079284661398,0.19387684938137797,-0.18025855784514508,0.4829281817213012,-0.366492626783528,-0.34287883873999736,1.4730817660266096,-0.07824188299303603,-0.4394450915342059,0.20395211064012064,-0.03789894041054008,2.2090602205723515,0.10099880544083929,-0.2836604144247592,-0.6729169149097894,-0.09279130170952118,-0.07980435293858246,0.4293970818426158,-0.9809044519232643,-0.2008487195995011,-1.6524582056228372,0.38278800857334344,0.5393445936459048,-0.2593452579641954,0.8963029257148297,1.6615207692855418,0.571404366896973,-0.7205162280708002,1.3010676550406401,1.3424149055741046,0.6936313481075046,-0.14604207057966534,0.9420297944663661,-0.8419532795554111,0.08366589921614843,-1.2709670210905366,-0.6744361666380628,-0.7526858745491883,-1.666599742875016,1.034458034853351,-0.24127108701275868,-0.035950225244694746,-1.3117827020498658,0.049982283233373975,0.4425574679856363,-0.41510387284123534,-1.414036736621929,0.21359678489807482,0.16975557887808912,-0.49471514960631513,-1.5139225014350874,-0.8715071762306416,1.6649208131627196,-0.6603196015942301,-2.3546068260896647,0.07022397719119894,1.0537249811206841,0.8273748957899356,1.4910525439273041,0.17595513886562883,-0.5897929671613866,-1.010435258744651,-1.8145694109876884,0.5898881976125344,2.310843969764146,-1.247021570522009,-1.4078948774548328,-0.04559165567716098,-0.08609357206129288,0.742097808194398,-0.7709608391298803,1.9634170033760077,-0.5908610773179013,-0.9684304250838232,-0.013075496689979184,0.707047863766387,2.022933925892852,-2.5299190100513487,0.5442089838479054,0.7808160698968601,2.865120664868857,-2.092068349522028,-1.0875633705397958,0.03855336162706454,1.592634373395359,1.0906821998966847,0.2050423269807347,0.529343536286499,-1.1005464367378084,2.761817950294844,0.21585238491665404,-0.019424981198493802,0.48751700493485417,-1.1348207265206371,-0.5047109940299581,-0.41529051805342226,1.2201073530597661,-0.6322168032976213,-1.2785093176063589,0.8442050430961744,0.594671568867639,-0.705342771945299,0.08353459128257985,1.9686484472348844,0.6703689447565737,-1.4291147953755,-0.05771719435681972,0.9072313656123989,1.2785848022103201,0.10412229776636414,-0.3263312068375473,-2.486748441055291,-2.2187955933366887,-0.9875675303091377,-1.1820144929115572,0.20629294678442583,0.002360436488161544,-1.4532277301120262,2.4924903598549544,1.2611414903536158,-0.6336381206956785,1.2978222260421315,-0.6362377896268572,-0.7239096708586753,0.6910305507773923,0.6289689090035872,-0.27973121865698775,0.28033483803929427,-2.5842585789773307,-0.6461727752509298,-0.3773612852124134,0.42862188848061533,0.39666690041577873,-0.5586418372566898,1.2860366317529919,1.8183477474150997,0.030770126333714242,-2.1450764531151463,3.015433036909012,1.5812590372946225,-0.8385782090118076,-1.0173671654974052,-0.424975126733807,1.313326255464074,0.05924850430901811,0.28352878603664294,1.5089056095795828,-0.27372360537437634,0.5265168763222099,0.4139794499228193,0.8967989726783421,-0.33120712225979476,1.9982551273380773,-0.5759467090403882,-0.27361826086389957,0.04174098514008421,1.5853423048988042,-0.5880645356528328,-0.614896013947543,0.8563273080298166,1.2639244225104282,0.37161204026296074,1.4247499182775238,-0.9168689160126686,-1.3650379332269393,0.02459529716943541,0.8525202295723585,0.6252547892206339,1.0402245643633612,0.022736475970775123,-0.5189212195837765,-0.5527933280513146,0.2679593792142456,1.0060114391235493,-0.38360560798227844,1.0322440706936302,0.03389196989865392,-0.0068703173626216245,-0.8988834478136204,0.7047134281509703,0.8891115968104908,0.2650904158498732,-0.09158954317085577,1.7075408907454555,2.1962107294897906,0.3253997024165236,-1.4800795573864722,-0.13868867921580558,-0.11517324600288455,-0.6718801662980183,0.4839513235760924,-0.6434595269332625,0.7950181881084587,-0.7724471948933002,0.6989652013388731,0.5386127581514015,0.2485121967484289,-0.3430512365992638,1.7661478492409606,-0.37248017467861355,-0.8917862986579597,-0.7007433583452778,0.7345670033550228,-1.0958300730480388,-0.08560073393442537,-0.2712018762747119,-0.3570311458137402,0.4444518049101884,0.23826035434641718,0.4701707895743615,0.4716669089772692,-0.5015435726967731,-1.0447194680364773,-0.7924359969285456,0.3237915871129582,0.17108725243759645,1.224180016894422,0.539870027769814,-0.3434244092448026,1.5483580789333844,1.0259230804012445,0.25912031434651334,1.947685957581898,0.33731388781581123,-2.432510786215744,0.19155897448164094,1.344613214787854,-0.037742570886965365,0.7628515417081296,-1.23093683222973,1.3021276488796039,0.19554942903866018,0.8438248591591865,0.5017421351667244,0.45291607334217515,0.6665144821712218,0.445741751595874,-1.3497797780407228,0.2119505132574183,1.0843613386228454,-0.947698638305991,0.2975550580230917,0.13801456776678003,-0.19211785362077316,-0.7473570062922322,2.0259296758937677,-0.36576647593309286,0.3922019708468288,0.9438504195969039,-0.5891239230473122,-2.1360127966132767,0.40566949550509207,-1.326917120417233,-0.527071056199344,-1.1783084357611666,-0.01635077058182467,-1.8190541607682205,0.11578094277934012,1.7642593600695016,-1.5884345247578697,0.8296666890399024,-0.40646852659523947,1.2651620287696186,-0.15766097326021367,-0.9043624745268656,1.07401792097069,-1.1010112591513557,0.5766334787080537,1.0182327851244266,-1.341213366808808,0.2356643142386994,0.0637968737479395,0.28463784146565213,-1.2400776456080316,-0.5335701732657252,2.4560298319574256,0.8984742464004496,0.6027801358649423,-0.2455373741668944,1.5780617091120384,0.3629128077638488,1.970094657269288,0.5976565395537072,2.5231033704644936,-1.6909964390454257,1.1929583137469917,0.1632834823868193,-0.30912326913863164,1.399174424873441,0.9157859352778899,-0.029873352281603354,-0.06092436095426489,-2.6097416357666496,-0.3880954648144299,-0.2554512465943376,1.459447208700014,-1.3160056981397048,0.5524749807698416,-0.7671800531857469,1.8046833821397146,-1.2452310569159946,0.023501639710511335,0.5905288015171253,-2.4371985420571383,0.3170100485957584,2.8509689166413543,-0.6811133354540976,0.9808878636406829,1.1899826143361523,0.5682234557425868,0.44605632853770877,-0.10170561009598302,0.4945411802647429,0.8101548377616717,-0.29021482725459646,1.2003088555675328,0.7571487326194546,0.8868668759513907,0.03860085160042785,-0.16996268600663517,-1.2629909921428568,0.3477845030694511,0.21001063294185565,0.138520622327881,2.229207812873297,1.0439794039163799,-0.6369668303156273,1.3613518416408028,0.8663465192681117,-0.21557046734718843,0.28036137868338507,-0.9116442244373295,0.2904505350091115,-0.2475051509659667,-0.4771593702044301,0.6556328428304976,0.7707856304568772,-0.06237311661766922,-1.1353931305642526,0.15122102249679403,0.6959364575862038,1.0057456291155877,-1.105659213661377,1.006109259665598,-1.5456997618526764,-0.25009518696705746,-0.3740505272991644,0.4388614786569777,-0.7711489274187584,1.0833213147283494,0.8082103464498988,-0.43654333289960384,0.8527256375171641,-1.1605127932265287,-1.447976589448656,-1.1542203765330086,-1.3094174719675138,-0.45158012744126613,-1.446898292360445,0.6283770989205438,1.5811100782770278,0.43142351983793203,-0.4061644904955571,-0.5149337028635436,1.9479109536981498,-0.7727307039980182,2.300835724977782,0.8569906324102816,1.111813657423649,-1.7663392292264475,0.02243587409991743,0.3756057481382273,0.7786212163543798,0.6614194590830162,-1.4707763319794518,-0.8478335825288423,0.05292603565439131,0.22640683430674263,0.8954103129089487,0.6464212410354401,-1.588764450903896,0.7414766976827146,-0.8231635942996898,0.30027839392560945,0.8439623927318212,-1.2770010809702448,0.11473216179497152,2.058330014544904,0.06111902227176202,0.8820285838558567,-1.0416717549050825,-1.2837549926740484,-1.1756096292015736,-1.1822572637514195,1.104157472042385,-1.6880252267876825,1.3492183041074002,0.7771002236502857,-2.2607900570302326,-0.013236504336815077,-0.3828875024820131,-1.5846005550325566,0.46696704932816124,-0.004429561453496756,0.6013855042498023,-0.16779779504212544,-0.5138373123494278,-0.3906180688903538,0.09593097046081878,0.343253616478038,1.2258717273367457,1.4199551315328336,-0.37451039946719267,-0.06701102756396721,-0.3936899891878392,-0.43419767405146986,1.9778432484484112,0.1324540618477847,-0.7455882960075467,0.5104012627184479,0.07889107642597244,1.8093425469396982,-1.1347582625164447,0.8970224256946038,-1.1377113407060937,1.0223607562953174,1.2213940099167022,-0.693555084041133,0.5059105606226387,0.10616193358461833,0.3421748665829503,0.20171288522311753,-2.9206456125289186,0.0011006537203479335,-0.6573084725922695,-0.7888915136112081,-1.8476016518490126,-0.1757962933480439,-0.09761376671561987,-0.4619157749847065,-0.1719132724844756,-0.959132492243827,-0.9178495462790195,1.4394236183506577,1.2981518055873724,0.5441519125108143,1.0896896876674027,-0.7535888181948639,1.391806456897769,0.3335158294290178,0.7827075004545279,1.6974856605565474,0.38351639697857043,0.8121165906474936,-1.0130094460424046,0.8214518350802009,-0.04307050691343759,0.7135678669408718,-0.7043229084729133,-0.21666393772278672,1.3895647463415097,0.21651011006044685,0.6609012703948053,0.2466828450364296,1.8396935946896367,0.8987677921451632,-0.801932199798852,-0.8129957563671361,0.43282603906374184,-0.7639012853835289,-1.3292318362335351,-0.548147480692244,1.2787018898714255,-1.0839117849860136,-0.9818772328522437,-1.8430860227237815,-0.7359996533134314,-0.3862958755108876,0.2798670679501426,-1.055459037643033,1.2120149727608098,0.8003302092619278,0.9589817032952161,0.5721536161026157,2.122296541821205,0.31088000743002764,-0.5019985949438924,-0.8317960324248727,-1.3529465086467003,0.6173410161344222,0.9902110560548467,0.5619776413775711,-0.30364532742702255,-0.6067881421558338,-1.006606221848602,-0.21253701588162907,-1.5243051180731428,0.10374816512343857,-1.3014998580381856,1.7944050673969403,-0.09350417745838176,0.7218155083211484,2.1326917300985113,0.624739963888966,-0.24019881874061896,-1.6298866817959774,0.013319742381045253,-0.9966472073486334,-0.6704929891791549,-0.5284118414438825,-0.2257640778052569,-1.146562872095819,-1.5251705994551268,-2.8012493584199634,0.5320090318289483,0.9467702402516476,-0.6083085796474919,-0.02194869611462109,0.5061536734136053,-0.2165911847467883,-1.4237772654198744,1.2831126646528876,0.28134617336264456,-0.6249488575653585,-0.24523229750458694,-0.5055810349756138,-0.4533244099574448,-0.5589558707470076,0.8403759506785192,1.0460932606319218,-0.04689185859385352,1.2732369216493986,-0.3618914719638477,1.7205831838578265,-1.1060406359776571,0.7751712438717078,0.4645735420171276,-1.3428755855329313,-1.2187723530740693,-0.2578443897025474,-0.19028848757807343,0.48406124892290436,0.007226983439168765,0.6633516310146156,0.063706951649297,0.5963679331658548,0.5944429873509242,-0.7848488632161962,-1.0527593815240568,-0.5470367307766603,0.6636575139079081,-0.7447338376320143,-0.9980382867652444,0.7111430183099815,-0.49094212892303113,0.7046450885052049,0.3817302746229613,-2.814505038787487,-0.5992136473055322,-0.45306415922253196,0.8099144000860474,-1.0175623689985571,0.6924965718932671,-0.5305468430794859,0.5504105636372444,1.3612465285360626,1.1208413051866948,1.4500736299259693,-0.8672172345066745,-0.4584450842150571,0.9842242753550563,-0.7044785377860101,0.15880882723580086,-1.1969018227397692,1.2471178019533176,-1.0045784439268197,0.695099907062136,-0.6844367073577464,-1.5861781289360228,-0.8044664649480768,-1.299543248495407,0.46374395516321,-1.1696274069253165,-0.2357112720079436,-0.9762771029493162,-0.1932628336925386,-0.903727852019255,-1.0311677847901148,2.283726797371011,0.515865719756229,-1.2287791592125663,0.10463366950377329,-0.10303808452472459,-0.5795195629471284,0.3149172438281016,-0.4123808566642142,-0.4551673192341888,0.49911860814411535,0.5798837406229461,-2.1077507044993378,-0.7328397935508982,0.9186025591486481,-0.5262345982729763,0.7938990627610637,-1.3474822246643245,-0.49737577251688647,-0.0438058408434601,0.2511300856262475,-0.40992455897326446,0.5063357505892798,0.6931430881228499,0.738225248013178,-0.1737018288222987,0.8225022037859478,0.27612412545707676,-0.10249216691395238,1.149875980865527,0.2261115382877712,-1.0963311728319334,0.5899787611806572,0.6515718603738408,0.60239703165223,-0.764130821237143,0.25708352573718457,-0.05140968256054971,0.06612532360639126,0.19300484314854327,0.7114769329898623,0.3288061410184951,1.2035491829179146,1.3595175068625762,-0.3304598125813407,1.550150822455642,-0.7736457761666247,0.021263987565270957,0.2863310826573737,-0.96578078528594,-0.3876814998588934,0.9062106857258125,-0.03350246322072587,-0.2913837673461443,-0.05439387773894969,2.05459081838702,0.5421438705012355,0.8766134370666101,-1.0706328628773942,1.161858057562134,-0.48947255282273266,0.4943739367501015,0.07407595704300676,-0.7779614785211294,2.0452440323402734,-0.5275630372803237,0.5503333242390914,-0.6648230829742612,-0.6031750757401364,-1.0211770392403627,1.5303785643471002,-0.1803694883229713,0.22006445592902402,-0.5697641318650151
0.2696319932997046,0.46329335559049656,2.080516378214964,-0.9321323436495811,-1.249081303602114,0.04125961038751427,2.402798963007071,-0.17768408017700804,-0.26075850654460786,-0.9440641827534744,-0.06437658095785644,1.857029219002547,0.6435091839154954,0.9525864632186347,1.7236017315708188,-0.17151616084576723,1.483498795250772,-0.7453901086405164,-0.4365471535869357,0.7130531807041366,-1.5322293570181238,-0.568375320205531,0.9455777878772847,-0.4751171307405666,-1.7600612586141247,-2.0225577831591925,-0.06853768911735894,-0.8305293640003644,0.2162188153567521,-0.8119554705093674,0.7335450814935404,0.7862759168723915,-0.01864597675905163,-0.42547169559324516,-0.10767140513529862,0.3590800772627101,-0.5756058195370484,-0.3898492308353112,2.495624993022514,0.31884287439713316,0.42834282343401686,2.0734620869024845,-0.3216186526521784,0.029241075828351736,0.49422652505941045,0.16224387660022146,0.0745836506005584,0.26630434235635014,0.9013277674757457,1.0557156279801807,2.243042179141941,-0.03473988283552875,-0.4758999320990475,0.7554498156622569,0.3956835976314792,-1.513099693561432,-1.1278301008708416,-0.08165849036161033,-1.0574710078632863,0.44461218799656343,-0.44750034561074536,0.5692354401684329,2.5257898470297944,-1.8889106309883612,-0.4696919697693347,0.4388726297212003,1.1861959420606234,0.298842863308789,-0.06410386017345791,-0.7223309006496645,1.721222396928247,0.33837425477931293,0.6693197197640061,0.42097745827549216,-0.5151071275450715,2.1966399149047686,1.0866178791247831,-0.5367302857075745,1.5351480386018996,-1.668060803384045,-0.2153998418482019,-0.7698319735309462,0.12457475514079862,0.07280390780001801,1.3266748106736077,0.9116139559333202,0.41514546743232833,-1.786385479151077,-0.03962430365316557,0.36779779497536924,-0.14097572115324963,0.2900627357138667,1.2326311857819454,0.044733772496028085,0.5054324909113169,-0.2032638926888163,-0.4254022207005324,0.9597330782793491,1.3617423580335006,-0.05022874943565509,0.3622705729928472,1.1449464354148184,0.9258492737576453,1.7343174146106421,1.3027901712136427,-0.3123065603295444,-1.897151236737604,-0.14954689126958434,0.3883123099944476,-0.03941730782637763,-0.9315716324919926,0.47948328863451833,-0.8571078980145046,0.39738280759498196,-0.19252381835975257,-0.1181351310147936,-1.674929750514354,-1.885529524659449,-1.306932291264327,0.26272858914239205,-0.4141753736056662,0.8462643339955406,-1.8441955347969654,-0.8410559118308168,0.11783308586840696,-0.1708075554014135,-0.38510581061182403,-0.8941012372398174,-1.1948205299750396,0.3448488268821903,-2.3806908380761387,-0.8906314725389666,-0.22336164441231604,-1.3653569629568671,-1.1557981124490018,1.4357512875419505,-0.3320633670531391,0.11202044706103427,-0.3426647940217865,0.9437409358729046,-0.41704163249364246,-0.4627320098464321,1.11816600633388,-0.19089642014669425,0.9886383631818321,3.1889821214788903,-1.3001861795022147,-0.654773201983678,1.0796246561999987,-0.8234004972694448,-1.1968895974056866,-1.8223281364691941,0.38643812901094526,-0.3606758359778431,-0.849784935378254,-0.7939012246082241,0.6876094685222912,-0.535238409815218,-0.40477838717655784,1.4893258918766727,0.6068989736384747,-0.5043576170082148,2.0058231742278982,0.542409717096353,-0.2712669063665726,-0.5195633066544699,1.3493394528923628,-0.9746919124983484,-0.0503399845267682,-1.2582467883293673,0.1401645421654548,-0.46447327492385354,0.7889513159556424,0.3607926073316794,-0.46329550889570736,-0.5763002257291586,0.4122925471011146,-0.05703025665051026,0.6764215925733832,-1.1786050674818185,0.9256048295461118,-1.1298202660086547,1.8532858592487336,1.092350477403108,-0.7492374687833278,0.9506588162485199,0.43859711416765135,1.5662137554729254,0.6837606133495154,-1.5040566359182501,-2.6229253014232623,0.860766208983692,-1.4682985417720227,0.8473569605076229,0.06245768416750394,1.6757028692154965,-0.9966179698685742,1.3932963012267021,-0.38498963915694506,-0.8658634081059072,-0.7148589197830577,-0.6473493551522386,0.28455201797094254,0.20360307462353586,0.43625445610955066,-0.23306968722966884,1.0302504427438728,1.251727763773599,1.651975352396661,1.8063629965556174,0.9671952486754876,-1.076698893723932,0.2622248566190299,0.009914681232952484,1.2715497776386,-0.3537342600487408,-0.5527230653020914,0.9019212068598603,-0.1031672577480807,-0.5598550202595265,-0.10613563107278617,1.3871348299646735,-0.6763958016714353,-0.337883270893635,0.2816460769648806,2.0916403320341606,-0.1198581586200792,0.1974429341562363,-0.7885479924292357,0.8006033576210205,-0.040331127625844856,1.2978449396677696,-0.306584305264201,1.4244937411993233,0.9537839286288415,2.2372998820026364,0.11980156087781789,-0.9377504496344851,0.6015511680967961,0.9917500075919597,-0.09858693537565287,-2.158384915309159,-0.33682819894605404,0.15359004324408287,-1.0163530877499831,-0.6369943571433724,0.2746807298970186,-0.2221427514584888,-1.0946080221882877,0.5221087678358829,0.5437187175089782,1.777806486494125,0.5426502031974004,1.054704728245946,-0.24078598219883038,-1.9270163727336662,0.7348692851317324,-0.07072923838757016,-1.5815057975728841,1.3360364281448045,1.0490274843996503,0.8593152951502706,0.9849962049755183,-1.4159832945350115,1.5673706231849016,-1.2724866112884967,-1.3626876250534115,-2.1890194356617036,-0.42233403889039933,-0.12436830402037263,0.3854343933231761,1.9590605828951926,-0.30779196065314307,0.3014743837380716,-0.7033339919807607,-0.7678808888038842,0.4256309702730246,0.055030718139460165,-1.101589427765223,0.9983127184541577,-0.9937207183477168,0.6472685039576843,-1.2289755663978552,1.4028116545555893,0.675849215834782,-0.5853807681604346,-0.31406473295033327,-0.12960635143561805,-0.7562004023111258,-0.5813283515322993,-1.266551179501329,-0.2532623196097686,-0.01943730826057352,-0.9374808579347544,-1.1468403156541636,0.16353981886899296,0.4983015727574276,-1.221319944699284,1.1560470136367125,-1.336742175528887,-0.22745853076749564,-0.15288612037013358,0.05418669195254271,-1.2241818056457618,-0.6597839938019538,-0.18909035214407868,-0.08287384112735136,0.930109910585723,2.1779760729889013,0.4328413236172191,-1.6999499442695858,-0.18238159842260718,2.2796072227121553,0.731155345184857,-0.7033629705215448,0.09446776441845117,-0.6535956182182714,-0.2300510014568644,0.572851473822438,0.9029225270021554,-1.189645965669517,-0.05809257285680675,0.790003389917105,-0.27829986562860354,0.3940705267921868,-1.3337284039240398,0.024706370810322,-2.964385704230711,-0.3798461750026366,-0.18211129398486242,-0.41114008922774675,1.0946486725163935,0.6663019718430936,0.4579964999997755,-0.5818199855253163,0.6476754192392663,-0.1934954222193421,0.8039401942111768,1.3229503103572602,2.3309243251449,-0.9737521142308541,0.614032500985148,1.1173470462832018,-0.6643995066209777,1.1212066693066245,1.1484917863200494,0.2976067388686031,-0.37984470089081335,-0.5426338468807976,-1.407584409430216,1.026536250077476,-0.15414470459759333,-0.5610964174540491,-0.7598487815981142,0.14380045329564395,-1.1386355524297849,-0.7198256874748151,-0.4686054432893409,0.17859038117896625,-0.8789389762232613,1.1315376519071974,0.35077520430087,-0.7432819942401698,0.8185549194731838,0.42149039682349654,1.210350278561872,-0.7739699331929376,0.5265211262247561,-0.8710251525712173,1.1999648627015915,0.5236703496858149,1.3533005888300493,1.1190677192092993,1.52476931962321,-1.5077866684203753,0.5406408557025275,0.9392935564601382,-1.120028704171258,1.48149708867124,-1.7702140875448569,1.7969616217575013,-2.2336849463899067,0.8845271784361611,-2.266370818188064,-0.9836590779208346,0.3403831937008025,0.04875582317073705,-0.27112188693412753,0.3756047766837655,-0.36619296783623495,-0.08318358465665908,-1.4528555079663241,0.5602535933670499,-1.5082993807382115,-0.5053538775680328,0.5703990945500568,0.6924468444116924,0.4830665920258709,0.7082154063444955,1.7339923169129101,0.23496789347250516,-0.5042484857465043,0.3449010730086811,1.05573990839556,-0.3429624339731408,0.44853541080030146,-0.08576202930782131,0.09957626727598376,-0.5695406252109377,-0.6082751510691345,0.7953319045245328,-1.1150697630998145,-1.1826549439565877,0.8891082964017619,-0.32838917807936063,0.2903874382908623,1.2361896020621708,0.41687278437589054,0.7402537942940995,2.6505513295980867,-1.348016108569595,0.44176944923745753,1.8547184629233062,0.965146380551875,-0.06577917121730338,-0.09547330042368093,-2.3593858472340083,0.2628075799592589,-0.6793549311829327,0.6172699036393268,-0.6601315084817154,0.9094958641028944,-1.4909537671662536,-2.369631431442436,-1.5308175017116807,-0.5995315915398959,1.4627008759694131,-0.6167112603366878,0.7966855198836653,-1.259203725538367,1.411184215137635,-0.7607911372271542,1.4328683792740857,-0.17316849288636912,-1.0716075592093057,-2.1163647419649627,-0.25034334230453215,0.5387784189386355,0.816987326116551,-0.17234466639317414,-0.8329293232341148,-0.6321749903972129,0.3981544284493418,0.20289206806144905,-0.5195829049944599,-1.0921790655351047,-2.49756418158057,-0.3931293737091996,1.0779848085634096,-0.5017165563968868,-1.4661691888025432,1.8568663807026193,-0.33003317317431624,-0.43744642264356304,-0.7115989716239293,1.129262791042516,-0.20552257569542645,-0.3588108765602427,1.186185698926759,0.8035652223609626,1.0919911996883596,-0.9573584005327643,0.3274131294017745,2.0875303128275604,0.08748731396294732,2.2387520915418047,-1.4610376237805012,0.7125564100805669,1.1753779870637964,0.4139618113069505,1.0747434150864934,-0.8917293395749775,-0.15981477090631757,0.7315955356868806,1.6198589369493739,-0.7536143210210553,-0.17175451380702275,0.5648325829170234,-0.12964153786421403,-0.6191698281457018,-0.15329344517874616,1.4106871601032842,-1.8376828488681494,-0.14206152714266815,-0.40955580215218745,-0.3674383126120831,-0.9867497015567503,-0.8373082718412559,1.5017225290169125,-0.6258724726015256,-1.938187268553468,-0.32136639611077966,-1.63016528202437,0.5092707817891551,-0.9893500373350939,0.7269606384827488,0.7303512507060871,-0.26594514460752283,0.33295186617409434,0.2349526976718248,-1.6011515835157761,-0.3347196902773712,1.0336770066809544,0.6784583510053048,0.8012638076857976,-1.3431026977490976,0.04194444802676421,-0.43632048333501067,1.2082773962962552,0.4526604071170405,0.1107684255107334,0.959913714241716,0.22970950315532024,0.9634307967266248,0.5727685804803112,-0.10052305772083873,2.523483181412604,0.9993060382305791,0.40696525863731653,0.13451221692628726,2.0923750947278936,0.587070859883811,-0.3275751364210278,-1.1328953236350006,-0.059847375239402256,-0.1316931982515973,-1.51136431350911,0.34289690810516776,-1.8472942565561121,-1.875211679105281,0.09705443166464835,1.1867889534119722,-0.636927601749713,-0.058945741074928996,-0.8032553877683533,-1.5936938606605662,0.4518377289340246,2.227761444229342,-1.2809717796793683,-0.7271145597294713,1.014985515786313,1.0094361961906342,-1.789537607916056,0.42516410390822607,-0.8590331215969441,0.17318151304705362,-0.12461909694665768,-0.3320800282106945,-0.22221149820423014,-0.529390963029487,-0.26944986917390085,-0.5912034487988405,0.564465260458765,0.3252260421346214,0.6056581953614572,0.04317666902235514,0.5332095799891243,0.7431613009413204,-1.3355276923412354,0.9196147585136606,0.3884534066084596,1.2663055731985668,1.160415364581552,-0.5620627591881396,0.22199624289428618,0.5232028383598862,-1.0668265263466046,-0.7317834884639609,-0.6006968278954317,-0.21098586468712674,0.9317764674211045,1.0215642589685046,-0.8267163727408138,-0.28146345750772456,0.9037678162217807,-0.6235325900637462,1.9992413613367823,0.5846906754974847,0.7580806673998933,1.1603646534883834,-0.8847405702373549,-0.9461611211113352,0.5825746154102608,-0.3203774467311352,0.23697770415415925,-0.3858284768378646,1.4147514360699354,1.120636229937261,-0.4704573808015354,-0.42784042323388644,-1.8433677673783726,-0.9890818951221646,-1.2320655106404599,-0.22991745599499697,0.1872745988406619,1.076571598388163,-0.6235119101570987,-0.6052118160544738,1.5248583484953684,0.8662957109595327,1.8768882893099121,0.22025846180838335,-1.9611752123094608,0.30881904365027824,0.7948274530170375,0.5744512871381404,0.7746186385631088,1.5397548404922505,1.8107092914858367,0.6860549235666473,0.31643115390773724,0.47568142167154226,-0.6379257890200282,1.1936823878694744,1.4756646023328404,-2.0103830373219242,0.4547480326175881,-1.4825179349034683,-0.43394247000662167,0.6753332296323872,0.7402911526242931,-1.414192945834014,2.1325704845930558,1.7361515733877613,-0.2427722856561167,0.07237681679308171,-1.7284396410092375,0.3247807744816046,-0.736650049566327,0.1449993910351327,-0.750991988399567,1.2728851249419482,-1.663773172680028,-0.15489863287527192,2.3497509958848424,-1.2068323904554585,-0.13024872705111917,1.0634581259427456,-0.17585169935627928,-0.30783215477624903,-0.5854131933636781,-1.2050675468440182,0.05576225986853769,-0.689255139154395,1.5800776351695693,0.6112473804345091,-2.6017808038558687,0.1476998937941177,1.2105248239875694,0.25994340387092557,-0.34928077496764104,-0.8866456464989947,-1.5979776711314648,1.634245116623588,1.7914203275349054,-1.179438947511278,0.5771119325388442,0.03766327362456599,0.6245672077184249,1.7249005986835588,-0.6252550086907683,-0.33103167006699596,1.7135749322492617,-2.101819807952128,1.0159185225887362,-0.3550223188054528,1.2028811458354065,-1.1012140712668659,0.48343805131792766,-0.06752098896481255,-1.6076711538344,-0.4935172191771123,1.7090909054318517,-0.39898390167776643,-0.051685628220737724,-0.6751359017171343,0.09889001975859453,-0.7629472089245901,0.39391147751388894,0.5148698542598443,-0.5067771661817655,-0.17483847412202733,1.1084296796548663,-0.2222838300998701,0.5507370723064232,0.4128136563825734,-2.026881309033224,-1.3191837334405816,-0.5129722389257912,-0.39329209001656706,-0.4013294009584736,-1.5081308361488506,-0.9043732552875319,0.19929182655431701,0.09931909499538015,1.174050067657748,-1.7980622147351806,0.6475249092796829,-0.3176570669301888,0.013119158904598624,-1.2045287775791178,0.1353493804730456,0.2648098993996759,-1.36153587164583,0.5784610492174521,0.7238860790288698,-1.2588871957556045,-0.8370567643448044,0.7941246051456554,-1.4619349199113025,-0.6633873034259998,0.28813235904031365,0.6573065216112991,-1.0441200648793976,-0.31918329429633385,0.23856912150899415,1.9106536822446456,1.5917947000675687,2.007339084650578,-0.3047672395499807,-0.14453013584874352,-0.21165198973063123,-0.15431022977173178,0.5776526674898497,-0.07972707983655443,0.4161150575467133,-1.7297690654178624,-0.48467688105282314,-0.14749774939255317,-1.6465003362737145,-0.13264564255672795,1.0003991448358904,1.394292153061347,0.6472583537749128,0.16202578110168,-0.21215642885118607,0.26550140729487703,-0.2741167385721964,0.9747763328826519,0.8053930125842165,0.8820866942171716,0.38606139579110843,-0.41583283010161487,-0.8958755806490404,-1.0193526415805854,0.9914958551747868,1.884899589882332,-0.08565073779858759,1.3174044171559343,1.0597182258651585,-0.34920335496102795,-0.22165941142211576,0.4682204564738526,1.1784474894125707,-0.8229634458494585,0.9765997204318839,-1.7759665535075042,0.4869397535936643,0.9217039377102231,0.511240635864635,-0.21333977943090557,-1.0052240890331214,-0.3067110538194995,-1.1079178167785089,-0.8934891230286695,0.06923022043188455,1.702645141702432,0.8060816530380048,1.4905993365818622,-0.6821532610352651,-0.4801944359843211,-0.7305126985952269,-1.1657875734798013,0.10718509403055324,-0.379435792669573,0.5566236527940759,1.6063026883726417,-0.5688860035691201,1.7194265754409512,-1.1870009849258878,0.5757393292044723,-0.7308966060041245,1.7295136294346154,1.684162801535312,1.0667726060809575,0.07121510968891538,0.3719243823023512,0.6881954913456767,0.2901892447272298,-0.7355596476834657,0.8323660316133634,-1.2452586140566693,-0.9620774853859063,-1.1930870180119997,1.1848716489671551,-2.537561684218571,1.1095787707747526,0.41532841029251627,0.4953493772857024,-0.8016143668207397,-0.9670487854514943,2.034940905697249,0.26053054518856483,-0.817897489965901,-0.456814269781359,0.03318975843858227,-1.0729896294016428,-0.6191836623792264,-0.6441894942585153,1.5638282970801007,0.5191429365114472,-1.122915841830394,-2.0865930694388584,-1.1668706304856133,-2.2838110606267783,-2.080914163188091,1.1174578111965094,-0.2724042840118332,0.6537414599324742,-0.2893565205486908,0.47954062557138294,0.08601350058477254,-0.9341484801916511,-0.3975496770145347,1.7201704604229726,-1.0789179261370978,0.13531522527234616,-1.6761455128165224,0.9584537395835137,-0.9609075906592462,-1.0355975045837367,0.31436350544242747,-0.49525505629590116,-0.8081230137875157,-0.12142146390178046,2.0289270379866435,0.872262109037712,-1.1329798550787245,-0.584796866046967,-0.5758297140629938,0.0844667610677513,-1.9136873753999444,-1.2742096280402144,-0.21990367411093564,1.4589975909214021,0.9417419373433774,0.5712825679268394,0.4431220515360283,0.045424274249930015,-0.6670612282508986,0.9807200623373633,0.7427702613169228,-0.7976665180989978,-0.044464501130477875,0.7220769822620655,0.9323937410977579,0.38744277787801595,-0.5420499636241441,-0.545629481647761,0.11404158449911869,-1.4576241091685864,-2.3169799170001544,-0.3963159092342848,0.1544112182534654,-0.26998442016449503,0.9375677065427743,0.586949148943993,-0.4297867863390394,0.3570897981985519,0.9049789179775597,0.9538343115136314,1.0535499482829072,-2.8754475459829187,1.5406882219517049,0.29100110761068143,-0.3879447735255905,1.8881373837212967,0.5417476251430392,0.6817004224325701,0.07216327685237811,-1.450338853527485,-0.3165900553965165,0.17077806742304302,1.2300545148129844,-0.8813810697052932,-0.17397650608453566,-0.6842548696131889,-1.0725191157109815,0.35763953839125456,0.5756875171944313,-1.2384799357236667,-0.0012545476308427578,-0.9880180743761904,-1.7014430439348835,-0.16937155868161455,-1.196142010037691,1.672047763159908,0.24433931819680674,-1.163819413939831,1.00259622321094,-0.8978401425942296,-1.9803023605647825,-1.6615662984056532,1.5709012539020923,0.15103840008603794,-0.4155514925766049,0.13886446812190628,-1.6876854676779935,-0.31282424744541437,-1.2905587486523227,-0.22061606406815523,1.480403571506553,0.003931592189804232,1.2396322757732634,-0.8222364598860303,0.8508388978450332,-0.19661079970746742,-1.1399752888521955,1.1492190827719178,-0.9311023977723899,-1.1490464089612182,2.7065342279690965,0.05444537162819763,-0.5197113948445719,-0.30390780781972515,0.018813768683101622,0.9748421383669567,-1.2337815365660465,2.590488375034033,-0.7926896668729072,-0.9341304733893745,0.4189168993422139,-0.879709337534013,-0.4849281763944406,-1.2868886865438114,-0.662026439162333,-0.9133702768892658,-0.18113916112011993,0.3665400839269613,-0.36238767327129656,0.8727356448712952,-0.3265231063929592,-0.6911235042235748,0.761374100067775,0.8334112645756617,2.7639227718600807,-1.204335223539252,1.7779723556701503,1.3653966674852438,0.222345704210762,0.9719379825061225,0.7881438152082181,-0.10695300693418308,-0.23731900893370395,-1.030066335544184,0.4789884897013401,-1.2206759601599695,1.333730106296407,-0.3806918144759197,0.0813579299786213,0.37097933107221065,0.2770773592478393,0.22664750296808095,-0.4318369281394447,-0.3496869005441614,-0.36171283962925266,1.0682307280432566,0.43887614232198974,1.0871396813929375,-0.9345225783045119,-2.3022787915263763,-0.29765443132663305,1.8963998543266565,1.4577252668908727,-1.3374479048927714,-0.5965505137725218,-2.64293549660065,0.3877454526319235,-1.529973959595536,-0.5617895394626249,-2.4534957602832588,-0.915859662676202,0.2075510933315596,-1.641997034804707,-0.11188870520834392,-0.9229085170184713,1.390711020660093,-1.3199392010584752,-0.08322236715879365,-1.6745885066305857
-0.42615821604693177,1.5045755531120761,-0.682277882276498,-1.739799674461653,-0.6455660520703085,0.999453848714483,2.7004156857947894,-0.46379302690357127,0.8031642331063987,2.2210014786058836,-1.3840797280180595,0.37759741779921707,0.6206273109675989,-0.22888156409748334,1.1350023710241204,-0.21225687242274843,1.3157693140237259,-0.8921671173892901,0.7152156214965693,0.825588029837782,-1.5223296356405567,-0.9317233946017688,0.1726261213065511,-0.969431017233617,-0.016248136095738913,-1.444532583965893,-0.2781980530284012,-1.5220127751302033,-0.05247634591856477,0.9982109232908672,0.3078251196955983,-0.5230966489563504,0.5382191763721481,-1.4906701067152788,0.7512920839951599,0.8418583163871851,0.788654865222023,0.6864036563278565,0.6004145472367121,-0.8637518751053734,-0.829830548841232,1.4061916368276002,0.45137661096377457,-0.14910606069242816,1.177098456430033,-0.0701286608161691,-0.9510027110240931,-0.18060592237828899,0.3255187505317602,0.6604872735153325,-0.28037817669151666,-0.7137954550490642,1.0707829471548396,1.4502334845575844,-0.1942894917451297,-0.07447010340795272,-1.0059947157833946,-0.42278033486553296,-1.4865964659759554,-0.700728999218336,-0.646195232303627,0.1375273280456831,0.9738450429551603,-2.466162807919854,-0.4115863645190265,1.5625928968805953,-0.7410126820407373,0.27720630627438336,0.8712437913665285,-1.8784217863154076,0.1682208051516941,0.7218474170753004,-0.20238358883959656,0.6256810042553417,0.014422191329772606,1.036577756903597,1.8919456747046153,-2.81087298141515,0.8703370882205234,-1.3327269906053454,-0.7103295042771862,-0.28158979179683186,1.5892317715884352,-0.26856659967807567,1.4545052253419386,-0.8532431018281252,-0.19220398638322647,-1.1804834226556116,0.27304363882410715,1.10416956377752,0.6156505609672379,-0.4395332133829708,-0.39829646212704145,-0.10914823461274538,-0.8218898480731305,-0.14601300036330184,0.17801576934311517,1.193890435050475,1.2276823356513185,1.0941271544349225,0.07186376149249853,2.2039938738319433,-0.3413610894341045,0.9092037529240875,1.8589319987313722,-0.9619843946951515,-0.9691975615283003,1.0128736050705844,0.01966902648254413,-0.08837569463459827,-1.731730762700261,0.275022923180727,-0.8524855753487434,0.33432423240487563,-0.42565033200797314,0.9871100797893461,-1.6156943879090995,-0.9290322253387736,-2.09786896835689,-0.26813228888587587,-1.1817220330803,0.6371815418196903,-0.5367514094898933,0.2836950989400205,1.0103391350228812,0.6025119951527037,-0.21705616895582258,-0.4150501617079339,-1.0840911299231764,0.39437249843223776,-1.8850976087073148,0.2573254965349402,-1.3473478429365173,-1.3981704899294893,-1.842228271665869,0.5948689639391476,0.3143870559759041,-0.608708787840668,-0.17550545530709497,0.4281782268488099,0.6796588944598871,-0.5277229710127876,-1.9561098956808138,1.2181624265800601,0.6770622895605658,0.5081809141769639,-0.28785793784925856,-0.5780296035425805,0.5540214607658821,-0.27398608571874494,0.6746872205646107,-0.019601529228922675,-0.4234995242057367,-1.3389315428898376,-0.2598134817680327,-0.5179088916598242,0.5180467760906297,-0.18408436435999398,-0.809614162773032,-0.008292904434506143,1.3977250168164428,-2.3266624425975975,1.4173721571997637,0.8520515970826825,0.6529140750534645,-0.530579147854745,0.1592446427508121,-2.1669305614543783,-0.5187405446572216,-2.778091028628668,0.374659478199626,0.2531768013136672,0.34248572679671335,-1.0703969436316139,-1.7419642931905657,-1.0848189202165142,-0.46027437601735605,0.14118352561546008,0.8928472621297197,-1.2474749794208186,0.06841607046547106,-0.35500997752888686,0.7023939511311044,1.382058160354078,-0.0972617985952308,1.1028570744259167,0.8284592919808554,-0.41024435080713534,1.0991443266009109,-1.4395349472630585,-1.4341901926540437,1.81468329189445,-0.1882510158406076,0.6930760998228099,-0.6386818490962527,1.150879570315936,-0.7196674645057375,0.20264538336767413,-0.5636329055801242,0.9019568311956788,0.8017398120659034,-1.466088359533226,0.36752426220040435,-0.14177350005285239,0.35160473149371585,-0.24782750755711022,0.7477064670410185,-0.045907142901278467,0.1462009126487055,1.0384342414580996,1.038595940934189,0.9817165423543551,-1.373940613813145,-1.1642266482375354,1.1085280872475924,-0.7388967031996988,-0.7561863883166199,1.356931098764774,0.8589775729625794,-0.526276799151512,-0.006784086283554381,1.8122593178872848,-0.17860683644170894,0.6454874282004693,1.0318542253313219,0.9800587802305651,-0.19917227977386023,0.40057473351617695,0.3965676264130944,1.3020307294458944,0.2831202667690303,0.5329963880080428,-1.1394063032951192,-0.8504746804140864,0.5887271222655635,0.7580034458955471,0.8159187869285789,-2.137476880013135,-0.01994774032444123,0.4303482893410536,-0.5304960435798403,-0.5950345356297563,-0.07665629905357205,-0.47384093982757036,-0.667820213145576,-1.0654188565491807,-1.5456913556024447,0.12890842915208522,-2.105635592256441,-0.061954816641462476,-0.08831511271744957,-0.18969716948057255,0.22853091571644588,0.4408856978373111,-0.22842723553817526,-0.6735526756647391,-0.13052216298780522,-0.919745027234095,0.2142015925563305,0.9214738228305698,2.0402932381183585,0.7688479002537894,1.0193321079139512,-0.14136418233388956,-0.28946862454159905,-1.9499814616888325,-1.418364796663558,0.667731314806424,-0.2648382878853281,0.765065074394818,-0.49592265273792074,2.185314319850907,-0.9483647768482715,0.363775490624753,2.194641126966426,-0.774104193753334,-0.7865979320097192,-0.9070665804672974,-1.6360676951957631,1.140840259364313,-1.2317580069181824,-0.8776548249156,-1.7679597535308749,1.4506474709754673,-1.751479835935526,-0.4551221886508648,-1.6547533641970504,0.21668786801303372,0.06258884492675941,0.06850408339873242,-0.5530040918333534,-0.3429679370784297,0.43332240893006546,0.6652481636392696,0.15813214148698335,0.8141824359313131,-0.2938457818034438,0.19232219353300448,0.6723066450784199,-0.30674935265384523,-0.10399211026551686,-1.3798494266939187,0.7259593399319798,-1.0774725090655597,-0.5394826658601132,0.12889554338364353,0.6491389617774447,2.0480960305177995,0.5704464072776164,0.7847086175104042,0.30678589142758816,-0.7962376056481165,1.2672716370138237,-0.36175740472833895,-0.04219719892151421,1.847213396808871,-0.6291964894277249,0.9033155963522339,-1.110222204643023,1.778979589303491,1.1494813755672313,-1.1111927644104063,0.09972227756284212,-1.8363844415802175,0.19735402982412176,1.141482495523825,0.48255137305565404,-0.5947710063605535,-0.47299450827455797,0.247199317000595,0.5281814307827164,0.23814503688040584,1.7386218454395246,-0.39548695537358286,2.594946930969868,0.667659034308692,0.609325439207937,0.1829000702742414,0.555536837853847,-0.4307837438374631,0.17313551568228636,1.487657589855507,1.3519761372710022,-0.026264483201401543,0.2309095185004908,0.7525174990576883,0.010077581005307533,-0.22664578582418127,0.5713721493315859,0.12903263216396782,-0.8664681734484596,0.8374368389610681,-0.020238179127764135,-1.558800635481389,-1.3652141440844954,-1.3299602094782568,-0.33452768761004825,-0.4162308812587824,-1.2990980239837269,-0.8040311159520414,0.6814241320043531,0.9165865067810732,0.07208792721708922,0.9269036783092632,-1.0498443642502364,1.0109175708837799,0.1831768538873143,1.841783893867801,0.9020635132413124,0.8147139676206582,0.7531972886649926,-0.23124242601283954,1.127631882984581,0.6681044361971283,-1.1416189248894686,1.2897303147678327,1.4687417030809036,-1.2629725250840855,-0.5811975942653889,0.002105302952480502,0.5884278384124604,0.41566222933586194,0.7002069255952958,-2.663278311148351,0.27883632439125655,-1.3643674225854996,1.3870512177834562,-2.153648969704488,-0.21157858141686112,1.433496056348111,-0.8185327812702629,-0.0788025855589206,-0.5525060358340057,-0.6244940313990316,1.8272425155439553,0.701176285431005,0.22939732392580692,0.4817800083161157,0.22295256076950234,-1.4712712543157012,-2.038242660385771,-1.3287050472238333,0.2766062421616214,0.2778996080354942,0.528262637718239,-1.2970163947498579,-0.5321768248930817,-0.3871960340321903,-0.003313462020208145,1.1056547445776224,-0.6601980637795309,-1.2053665065831778,-1.5200475253158843,0.07308027175617583,0.7232639230271932,1.5456074037188012,0.6009020364609131,0.2208771946204292,-0.6962195940656823,2.4531796431907833,-0.03833260711228333,-0.011271041271295072,-0.45701954307563647,2.606347594667746,-0.03883372875495082,0.22493959310486614,-1.1913240753970193,-0.6986494085294715,-0.07996923777414301,-0.035234339033812755,0.29274683920549605,-0.5694938294849737,-2.64245276228799,-0.7324586920188092,-1.808143771423961,-2.334587776658813,1.5725042112343033,-1.4649668333640138,-0.9041488395274014,-0.46565346174206323,0.32944525791062335,-0.9331622382696293,0.7396808367630586,0.21505783596539277,-0.6586144088403755,-0.5968438245139063,-0.9408683825722739,-0.2399332233579575,0.2888464005574459,-1.1516366165450533,-0.5022105606902533,-0.7638927275426116,0.939472454897802,0.873311848136939,-0.17116798442785927,-0.6486245711435686,-2.7648568970861973,0.5225283468710249,-0.5236217235512416,-1.5726599957280603,0.2747643285209445,0.8781863714728159,-0.6806640674580622,0.6668148853575803,-0.4234695820819965,0.9871656937352861,-0.0892726465545808,0.5348474933052934,0.33445488140529506,1.0155088246903576,-0.007360689597555002,0.5939523509773968,0.399229921573846,0.09911648259908272,1.3400924265226641,1.3092553617297207,0.35964753324629994,0.12003935241570102,1.3431921857863383,-0.23103534648301524,0.3148277583626954,-0.08349526303374276,0.4622166961588391,1.5233125807527603,0.7403211165253124,-0.3748887959954418,0.8538151103914472,0.926343198704235,2.442331874647854,-0.055584275383651585,-1.1172385704584502,0.8143443238595642,-1.5027604094857254,-0.7150416412950058,0.8763471689756684,-0.5319098400486079,-0.8833771586437363,-1.802941191983509,1.243506785618151,-0.44114771370536127,-0.20143429964738888,1.502992380894112,-0.9826028313592231,-0.8815515812861797,1.7755941087807712,-0.2147889115518411,-0.7368740469522399,-0.6732001970150909,-0.3741380670886693,0.4269062917342522,-1.060313290961516,0.5120192278871415,0.017918202683310135,0.2671408760852938,1.558861130806875,-1.133159338176047,-0.022656345833489293,0.3674654400823913,1.2166416978158157,-1.1967676570158503,0.05237711170928731,0.43226076639456895,2.1232476525548685,-0.011516397118068214,1.3103328313951708,-1.2294515100224943,2.255743519557218,0.0015364925076069742,0.3642375700036388,1.222571598989439,-0.7573866378427443,-0.20376425215433994,0.7202955695380482,0.3933199301595178,1.195359450513835,0.8580949509527066,-1.52105793480758,0.1911945710201074,-0.17621746654010062,-1.7452672152587445,0.5184872515254224,1.6846010244605714,0.02060409266747103,-0.022348926713700163,-0.18855108664045703,-1.5437501092769743,0.12837249247488539,0.3240793022815813,0.5810210181731276,0.5996378976330963,2.0008784483438307,0.23527040383267137,-0.9767186397148445,0.3881598723147102,0.18645099480202385,0.5625891345797144,-0.34108929058597065,-0.6423337494894356,-0.6040026360311098,0.06225577894138979,-1.081973609224733,0.2923745144196925,1.211611666749167,0.43652075043250715,-2.523196262194057,0.17235318601735405,-0.3881804858582632,0.8140332087840544,-1.3045558785776286,1.3796787097551402,0.3741596911461213,1.655164871561241,-0.06992490328605473,-0.9879563586690306,-0.3078008764696665,0.046813191177669675,-0.7538195613113619,-0.6666610028333024,0.5616112307582152,-0.06694454784088094,1.6360874352297028,0.5050261254396273,-0.220398381241311,-1.1340225933147208,-0.6716882437137025,0.3646881779132725,-0.6845138787577213,0.4817917800785815,0.1860161519684501,-1.5505045519865364,1.6284716240515134,-0.5803944112418478,-0.5713410509969012,-0.6537196247425953,0.5773680310288889,-0.9230772113430107,1.675352733588795,0.8983665897364562,-0.920161927077784,-1.0059632278381747,0.21860597088898373,-0.02930193834366681,-1.8234836231203118,-0.6194256170619469,0.13199797650586545,-1.1949463036881398,0.7603085267840995,-0.7342031436028373,-0.35348784558669105,0.4604099387698629,0.8431352073215577,0.7261701933094421,-0.6516817722017397,-0.2069621416443146,0.4576626145371698,1.1251375695862758,0.8991506405212869,-0.8349816033311889,0.7644309347401659,0.6396059053658381,1.0194070694368431,1.1306725367035686,-1.3234156423920451,0.863258477424589,2.0144467484583846,-1.5724428950969456,-0.536169488156865,-1.2381724606936133,1.229608940594407,-0.939022418464709,0.30907095847177746,-0.5667215783861939,0.19325962108723646,0.7533710132431168,-0.5537614862416985,-0.30276775146848894,-0.9280632022284103,-0.07042560136350638,1.1340413955508248,-0.4252803000205049,0.5841131427432869,2.1271179226009114,-0.3355901691684977,0.43666817789613865,1.1791826126309797,-0.884954731516287,-0.6247314698327835,2.1997065705303616,-1.3144916606663393,-0.4838468272982416,-0.5834659761096487,-1.1437490238815138,0.24804953112346204,0.3380973047892662,-0.04951146256810139,0.27780473673490563,-1.534468599890221,-0.6606934968587067,0.283797284486382,-2.5132356598811003,0.6120936397231144,0.1782855387108552,-0.6630941003905074,0.3728188119110132,-0.2981993233552774,0.2603490755431092,2.1992302176754293,-0.03649196780233042,-1.2658079758495662,1.4600236468093222,1.4151974741670552,-0.3405771667409868,0.11979520440862691,-0.3038202874970663,2.2970706234768437,0.7792607290389292,1.2579881059792646,-0.9442534938368802,1.292750949399089,1.045580250578794,-1.5045581755153645,-0.44789770568053705,-0.5768520892309227,0.9235446273753858,-0.9416022643520007,-0.393058058819599,-0.7193839051002551,0.616860837791433,-0.9294755530960394,1.3164575003505417,0.42062019204937406,-0.7269559623068056,1.9199905621212559,-0.47800167216914513,-0.16496120671811998,-0.9454357700422347,-1.156816318860153,-1.2593356952448957,-0.7794595175483046,-0.20341719818396695,-0.2060227766869636,-0.21945752142460978,-1.2150216218590657,-0.573253924037311,-0.06584607715831459,0.6468575527336802,0.17126684059209024,0.952665600138931,1.376080460859382,0.6294109385694949,-0.976869103685391,0.8713504745640078,-0.2235840994746774,-0.7709083732983478,1.2084140132855248,0.5919641744541263,-0.6121828084649117,0.583872211171316,0.48138470700467667,-1.4108906219149322,-0.4388157734418557,-0.09328967041242493,1.3612480088214842,-2.288519384031841,0.1504358983604146,1.4811031138908866,0.7319437739222733,-0.3930243131615443,1.8685932861587364,0.9044647926611912,-0.9299924495686609,0.41107708387477987,-0.9831464313430984,-0.2735715570708051,0.2869955981157764,-0.6126053799163417,-0.05762439533854841,0.8792877876272968,-0.7695253785683309,-0.3150891945278829,1.2839736850572212,0.344051838184076,1.1346203622303264,-0.32316584178095514,0.7131689780552569,-0.35817743749597764,-0.7586839754261587,0.1708581428455065,0.6354691098992147,1.6523138410052198,2.478021453084102,0.8332610655131627,-1.4478511698336687,1.067479709300601,-1.307772512791046,2.305719979491037,0.6109455064162196,0.17922309754123175,0.6175176816751213,2.056925479211699,-1.149386119244547,-1.0551646186774386,0.5310969449490383,-0.6162645381555834,-0.45815143547803105,0.006198202648765863,-1.4541036471300606,0.7273795900321101,1.8219329646423996,-0.8132725837416368,-0.38899675786900967,-1.0215866617051612,1.6110984386873595,-1.39258931319194,-0.002509758158511535,-0.6675679314039341,0.5769483244547282,1.0636507586569137,-0.013732057445384235,-0.9418969011032166,-0.8304972500239876,-0.05679131657911328,0.19360654207351458,-0.3414525530584018,-0.3404083578107053,0.1169348450859219,0.8043201530316616,-0.8228267765133643,-1.1832222395767158,-0.5966324123076177,0.5556162316512374,-0.6875718442401304,0.6701648553126838,-1.1393155867822633,0.4692815962883942,-1.0933757126395727,0.741274889462966,-1.2621218949050175,0.7576761187571227,0.7726610227418329,-0.217347006500925,-1.1189142679646467,-0.9610483073553328,0.6992541734960652,1.6178791948898696,0.12037648890776242,-0.006517181006243246,1.2725851630543823,-0.7252885661273809,-1.5143307937775274,-0.11284497387629078,1.7738620033483203,0.3141467942851323,-2.07335513807976,-0.048300883103048406,0.7061057861748721,-0.0199801191277865,-0.4684704636012831,0.650341815688153,-0.06071004589031127,0.4718871467573497,1.5169227823362443,-0.3990800275214279,-0.22411982801659228,-2.547312342515574,0.2914320624909405,3.6867254152481164,-0.07925314163265298,0.0875752380981382,1.3467292661423447,-0.042925472909311715,-0.9251772631751898,-1.7743781541478871,-1.2199723683250419,-0.1404516324795814,-0.507058766602509,1.1061467012063415,-1.2322510043439077,0.6297026385641452,0.6683655651786862,-0.14726643420355545,1.663332370599925,-0.7001181547899394,0.8692882251780977,1.7097925087837327,0.016631291082736453,0.9785751431104183,-0.6751451091874004,-0.8987106785319405,-1.655944776040232,0.09469388286868093,-1.9673651965040053,-1.265874693072433,-0.400753958505307,0.1544816695785972,2.253332025272238,-0.39125373532166746,0.4193546085775901,0.39957932699699084,-1.228421954111272,-0.0727977215808755,0.6195900070742872,0.4050288178846543,-0.5355081514134736,0.15330214918401602,1.0891723107800113,-0.7793523541775962,-0.75782746780033,-1.0615492499491348,0.6676452638424495,-1.3587731047995824,-2.536316050340343,-0.2336524903426795,1.2471989726538617,1.0246221889493818,0.6399013102382802,0.19964575944288157,0.02342970069723269,-1.0220114812876653,1.744282919810485,-1.018379007708701,0.20063566410075453,-1.7800494135641685,-0.3015219320334106,-0.9092443738650476,-1.5252283840524181,1.255099503817121,-0.13897843398421766,1.0887788108045444,-0.5126328043078379,-0.5048740504270314,-1.5388050093904404,-0.7287989431717962,0.01900173037910359,-0.4799849235334632,0.3855088492195095,-0.6961664838631599,-1.0321313133382903,-1.4375878638133024,1.0790567603535406,-0.8024608926297658,-0.16037228707253115,-0.8175843872872983,-1.3201368343588702,-0.4569963619803567,0.603040988893373,0.0490723223114807,0.05919299526291668,0.3819461235882936,-0.29536025791171827,-2.0067054937152053,-0.6419762254596357,0.5209262016785774,2.7215582072582154,-0.6364324669661566,-0.9548653162620051,-0.37468192760029045,-1.994833349406268,0.37286298603189494,-1.1304731811674997,-0.14868945961954017,0.6311493788149488,-0.28266994436296566,0.4685119339261713,-0.0716049107589463,1.3606075758064178,-1.1692420254393712,0.038609748321911275,0.6795536963163877,-0.4578314073993839,0.6707299206474955,1.678635276830677,0.23378776881965005,0.5420828694129082,-0.21761557718143867,-0.21494630243923224,0.3460431460516931,0.5447245827145811,2.3899224680054467,0.07476400020951976,0.26809841411315255,0.9204681225419559,0.4350368942983915,-1.0795748437497628,-2.002353048191686,-1.1218288667724479,-2.065760561193115,-0.34245249428822055,0.049926794588939845,0.5184088238100167,0.05251797516652255,1.146847632801346,0.10295779495424408,0.3185603263602904,0.6187369280068735,1.2036077487599581,-1.1880277605554634,-1.3119039452948704,2.977985716045071,0.7615270936567294,0.5463014799505661,1.3506103713478121,-1.2568108554292787,0.5439186429965206,-0.08056378380393137,-0.11338621929650068,-0.38115694973037995,0.8933167036241043,1.179528051640779,2.1574656467462066,-0.337372039148213,0.33654318147610307,-1.6339835425581408,-1.3371428669466916,-1.3769186699233524,0.9042535790639752,0.6513189132923294,-0.1937264656569974,0.6628755189686403,-0.5272125319531832,-1.9827215966308298,-0.9002265780822504,1.7288013278492624,0.390652446162471,-0.5891747170098132,-0.6041530342499357,-1.0256023680017157,0.3748780164408451,-0.4721816088618322,0.31924040434159945,-2.406162958316266,0.8938041255473986,0.941724430845235,-1.9274433044776433,0.1060748006789889,-0.7247885740046478,0.1485707713815717,0.789632424815594,0.6956111141841069,-0.8613911704452255
-0.0407660652798257,0.7934601257719852,-0.5826038220117177,-2.3148350591862505,-0.5485481431421658,0.9767822821742197,-0.16628169651509317,-1.340414492762698,1.1540475421361858,1.2803305322593956,-1.520374256604185,0.216348340552046,-0.17638280711371732,0.783107661976228,1.3247707236228503,0.04948799751268176,1.8218710908129443,-0.9762426120642033,-0.05811135221484679,-1.0743821045848396,-0.1289376633456901,-0.4060412801190722,-0.38558841952680534,-0.658756662659799,0.35128487461260577,-1.0418361278930193,-0.6504523118357574,-2.3166243460844047,-0.40550238539188976,0.35182859193313953,-0.573578865518203,-0.7739196171048855,-0.1131696655039506,-0.549147469589649,0.18664005228149758,1.900537912436508,1.826686962082639,0.5766431908967701,1.3759808378974523,-0.5959485146304216,-1.766212931654367,0.3249838665549981,0.1755217135168348,-0.2618874627893648,0.11818830036509541,0.5431231872345841,-1.1764001591312596,0.07394148392328109,-0.6672754111227674,0.2940671695180691,0.5484931507013852,-1.3687564547535434,2.2451681065860534,0.9891472349280208,0.8195994844034159,0.5219537211105617,-0.613010819722037,-0.19687557406121076,-1.4371491043383806,-0.8976542403685959,0.08485677467010491,0.12654453941990065,-0.631568669573155,-2.0605421228252263,-1.3010959497234396,0.7733965340405488,-1.4240768426819168,0.10649150082947023,0.802026311190824,0.0700234223391221,0.49707171006517553,0.14146478964935635,-0.44534054950155855,-0.8894177499439153,-0.24104209361562542,0.9868257055089006,0.24626940846049655,-0.9927001885637936,1.4346423964622632,-0.5379219646565413,-1.4821450984988453,-0.5793967278091738,0.20928053980463182,0.16202187580816094,1.236784654189075,0.29528395418925407,-0.6378406632734868,-2.3013567978156364,0.9427388497813037,2.7547431701488785,-1.1441445662121439,-0.521210550981254,-0.8908557614321247,-0.08536200904236045,0.5154140818497911,0.17612507611211745,0.20488818970003886,1.2202483059795257,-0.38651973354662267,0.6549854621515984,-0.030397570178160267,1.718640480263256,-1.345579756775953,1.8340405512212719,-0.20792334502591558,-0.07054768031447299,1.6775969815145069,-0.4238515711696337,-2.0235607154789483,-0.20699405990502595,-1.8733867752942135,-0.5966060216698084,1.2423963064413013,0.17804641755695058,0.8855694149662341,-1.4493114832470677,0.19636172609981145,1.075510864024217,0.4780051192636334,0.1572655736496542,-1.271493384846572,0.6652025884195967,-0.09092541977855305,-1.227503119994355,0.4614204792938979,1.0927240066472934,0.6245309659214897,-2.086144373907605,-1.633674720590744,1.7590648434097627,-0.6543541304447514,-0.302067813173576,-1.1704525171553646,-1.3520248493632776,-0.690676187498276,2.0683388019269873,0.7932007008875436,-1.7744711938893776,-1.8142661605228037,0.8140524387998136,1.7766046145633685,0.1642005019347581,-1.6124603466337246,-0.7584374672846861,0.16121123804132312,0.8929124911590364,0.20272973995007204,-0.6664068608743854,-0.19384246408032074,1.6427472020126805,-0.027042087361299517,-0.09015467323953032,-1.2515881723999103,-1.0329009216280907,0.4700138348342568,0.36219243080824143,-0.358091743619382,0.3979074684613042,-0.551542866094692,-0.023479933481102215,1.6760381255619972,-0.9955289680677103,0.9703653480359002,1.0702541602090883,-1.1301898923634133,0.1398770601211776,0.3743064388630783,-1.2093658985016023,-1.0840784106259413,-1.3770007300005267,-0.06241087553304806,0.5034718973448834,-1.2880785335278238,0.7408036431686738,-1.8627713057106192,0.4935104106218105,-1.7392010535379043,-0.5987992203476153,-0.3674960593733456,-0.8229630263837044,1.7645870896078295,-0.8811608131014321,-0.12383052991597188,0.7286636993949854,-0.31494138796378884,-0.22563778665958767,-0.17762432698261463,-0.6049244940061024,-0.727526312610038,-0.2559179240422529,-1.5572022805928643,-0.37783955032726046,0.3641387879167488,0.5431618849735645,-0.8406240624350342,0.9844425338763184,0.18451461986462786,-0.9038539776217768,-0.6536105815572921,1.0818313725902804,1.7723555537157254,-0.08358936968473654,1.3528251170173324,1.0371176540623088,1.1932704755536674,0.08995273436605135,0.21602196484406916,0.11876619036094374,-1.4744743128651052,-0.7780220586155979,0.4524032227092032,1.4331249248887055,-0.9439166580109373,0.2912994630809753,1.4777925975527813,-1.4867316101159238,-0.12615012244025936,0.8554396294026786,0.20387125587209448,0.3223553563552974,0.08476155096966984,-0.2811721115730443,-1.351975086714531,0.9253830091066212,1.0183376302396778,-0.2753470999266071,-0.21241048997112497,-0.23798115233249462,1.4074446381563332,1.2995763029968854,0.2783770733548033,-0.3462948941182973,-0.01630088919300686,-1.0454055540434244,0.9535681039954436,0.6696600203671794,-0.28642861248978135,-2.09859479826324,0.04669558522049169,1.256091832803066,0.16586222937483097,-1.011099812486879,0.6021337183722831,0.6534304335745854,0.7365654816484584,-1.244213380585373,-0.06175696645199853,0.7738575828462482,-1.8284661516266731,-1.0099073007003694,1.346243042756445,-1.1535339143310626,-0.5998320725524994,0.5691136901957576,-0.96478966915755,-0.3689422800583664,-1.265831851984728,-0.7380988373575108,0.47832011158381965,0.21552131383233702,0.21297769295128705,0.02769901482491361,0.2725105029452002,0.1773733011754871,0.24386094918116802,-1.201658890480715,-0.9989809443577696,-0.38475011640653484,-0.8104999895722931,0.3691346029491468,-0.8756731732598957,0.9051968586304007,-0.5402388604669772,1.1767905839145452,0.7914848723546025,0.7180368802215512,0.008191705195373178,-1.6646721285192447,0.7287744139735346,0.863463549348193,-1.1604019058501496,0.4352951686527928,-2.1366570297351335,-1.0671814022474948,-0.9837958017537919,-0.04816176429292789,-0.9981247252427037,0.038886674534518925,0.15078394650505816,0.5810306172542158,-0.32035584938060646,0.07985839821579,1.4998533685685305,0.38336541133472607,-0.6675864422843695,-0.07644525865642844,0.6078921963542483,-0.07997930922435985,0.37376111037267246,0.24850068831612462,-0.996611095458892,-1.9525525263426418,0.4463863809860398,-1.003543574198418,-0.3505941816199856,-0.4048700504836626,-0.6481213456522503,1.4918940627233825,-0.8931541804075338,-0.10980729426089537,-0.5598537407420227,-0.9615866347503795,0.41918740996080156,0.4906377297360317,0.026574535821766148,0.44821360978925906,-1.3836791627224583,-0.5911827518218242,-0.6107731966817127,0.9775152204027407,2.071119336209609,-0.9648805401272551,-0.17716726284690143,-2.8600032364040304,0.11910622199444133,-0.6373950816329677,0.36329719995399506,-1.3950195533812402,-1.3023854738804366,0.5036634327727226,-0.41165773437393416,-0.13692317190674969,0.24749006957975853,0.31623060900555516,0.9416434155334928,0.4540224269527832,0.9646585820398317,1.2678643594543544,0.26001446145950724,1.851089979243982,0.7129540783971163,0.9886816201186945,-0.3716897602857191,-1.2300124024356678,-0.3142459222652953,1.817411185758907,-0.4479567445339255,-1.1051402812018247,0.32101798091823375,-0.9185307485357463,0.7228358653480509,0.6176785185560657,0.25111860238806394,0.25063155806913145,-1.2872042692644656,-0.3543407112584261,-0.36405056034289507,0.4855207514913254,-1.0644422201618067,-0.8140417887935443,0.8011895900074959,0.8914746510858268,0.028400243880138103,0.5205980238078605,-0.6277910993113185,0.5747027410744255,-0.7380701503651556,1.2136921778640681,1.3079503123148812,0.2605510200514955,-0.4792622082071934,-1.6050568791456281,-0.9314873351063119,0.6713976986527674,-2.9215302701867354,-0.1047577285704938,1.0956577371363945,-0.04078309628168675,0.42383882852081217,-0.5332474068756491,0.14618633428470476,-0.356344671527357,1.6544287870454797,-0.7245948658172258,0.41981413634791837,-1.0892612804973603,0.1340848048458054,-0.7384144004557661,-0.13826594846582377,0.45309743260464425,-1.7117822645728875,0.36827885444850206,-0.4403317215247936,-1.7620529801251534,1.467996166623779,-0.40637254578459225,-0.6592698892771545,-0.2102335986763549,-0.5273092487939594,0.048794754441305696,-2.1233637019620417,-0.9965562435006445,0.5102877266104343,0.9971825396495722,0.3472485218566204,-0.19639469024418224,-0.3941754740995231,-1.3258458437242995,1.0895211235193265,0.2671940537982605,1.0494291721610272,-1.8182324913114787,-1.6394368435920113,-0.14878361907317605,0.011060812189011237,1.613372032591331,0.44654694559108254,0.863248204906532,0.2520886354501106,2.0782419355423976,-0.4843630865417218,-0.9155603545783723,-1.7343481002417633,1.1894631126766995,1.1302364582813877,-0.6796611962793583,-0.2877078712164064,-1.3176521302099808,-0.03422832228039557,-0.2941601953930963,-0.8061661964196128,-1.5494232227658262,-2.044539186089523,0.4318425075518556,0.3818366420892039,-0.9295346127199202,0.8055111734503438,-1.6938422350281332,0.13081231334353302,-0.3016228216693215,-1.9343950066005944,0.7581459647345672,-0.00010081793313285723,0.2770894392546038,-0.6693149885831827,-0.7009176754537652,-0.10521942401722376,0.7688854326992928,1.262756183244168,-1.585988958550541,-0.872136393664365,-1.3433057296479547,-0.2078633405672432,-0.7077315125426187,-0.2259812672248565,-0.25368715389754576,-1.1294469709570727,1.520919720573347,0.41527044765163296,-1.5582903209072154,1.5173648319360793,0.42423824461578435,-0.4657417807288331,0.6198749017693445,-0.5641312040098377,1.7998026768135231,-0.12719850996864887,-0.19619599894587542,1.3567620767834243,0.4069070225751909,-0.23313488879296485,1.5574970305339781,-0.7977642984190075,0.519038013969065,1.117439382175954,-0.05350937902195931,0.12845773339795605,2.6507237101614165,1.3107636716900035,-0.22796161478920549,-0.2192776552360014,0.3727024012975068,1.4325164428681154,0.6468124325827342,1.6339815128787636,-0.33398013375931135,1.0005810532072457,0.5183861855327735,1.9169285450703983,-0.05747270020175696,-0.9969715662255713,0.23031119801345237,1.2099119851837488,-1.001193080479774,0.8692888393316228,0.7274643589657218,0.19181332101953874,-1.036106863324591,1.932313201179151,-1.1733545741981792,-0.24737549920431692,-0.8589338885723349,-1.4802568646719416,0.24504435183189077,1.2900443972743207,1.3035179653238886,0.9045620764175006,0.16938417817183848,0.6691844817066046,0.6656455484465225,-0.7968137106150918,-1.0081720650260366,1.7565314720064846,-1.0812429655682325,0.7107218642786928,-1.3477172170508362,-0.2646802661572083,0.016922009336656673,0.8751053050004483,0.035188891763677406,0.3142171988898444,-0.3391966876453681,1.1233802248073317,-0.16711723579561438,1.029947955289023,-1.442932074968322,1.510818070227174,0.0366415707475284,0.7862395798039712,2.1985806949896407,0.6761537763927034,-0.31212280136860293,0.46664886050090615,-0.29815714972278445,0.9197313913480535,0.6379925646368917,-1.281576966023767,-0.1631668582902386,1.3453987784615784,-0.6179332613985867,-0.9327889905665299,0.6316408837559772,-0.9586900710134921,-2.267879866239923,0.5063518563383076,0.06521649036038908,-0.49558908195826606,-0.9220488005404602,0.3950591635291913,-0.6375184301052352,1.2535572925468232,-0.5401602948653508,-1.5616149920189617,0.968307794203989,0.5813858408297967,0.6685631246134424,-0.8873709133945997,0.6272810375904015,1.2033589302401322,0.9140181957310011,-0.48941381418912455,0.7482006591528555,1.0016557047951926,-1.6482299883590188,-1.5740430070303268,-1.0794318545510642,-0.8338684367819306,0.4954115162539131,-0.6434857511750375,0.39907582280363824,1.579642143977405,1.6528577060284058,-0.12933036216149335,-0.19547265542410733,0.08787911280529155,0.06008662176854752,-0.04214575061373078,-0.18364255397171875,-0.9567992050931722,-1.3226537943903989,0.3796127851905897,0.39786003945772325,-0.8748486330456314,0.08612762453346193,0.32141618044918574,1.5281374472160432,-0.358174746974501,1.0936046565733228,-1.2693145114176807,-1.7817301087759485,1.5948240187597897,0.0037885313215090806,-0.5448745246458604,-0.8088938640525765,0.9508568168422951,-1.3402449713044082,1.5464424176413114,1.1390393063225073,-0.7651200009977073,0.6770400486528614,-0.2922900804444398,1.458092037430228,-0.6240729834665856,-1.1341358451673016,1.7829237812517238,-1.1602433925166653,1.7691917210660175,0.3064071076102132,-1.6705579314035648,1.7245481447302164,1.6489207716237815,-0.38243362362865896,0.38282049302068194,-0.13148864689531292,0.5620768749909818,0.9128573764603594,0.06495336918742539,-0.6500164500952471,0.8958109283859902,1.0663763669577453,0.4859869286441391,1.078990991571636,-0.26017928754730457,-0.4324313062946194,0.8861297023915661,-1.5067406590414243,-0.5309642748682559,0.692866609580351,0.6577074783385852,-1.1294667441413933,0.7201938251540814,-1.554545722686188,-0.587003683186936,-0.5311406496344827,0.5901057936173948,-1.7616019960827238,0.8028942864962362,0.6078415301266143,0.8366554309944976,-1.2742722395841777,-0.6416984925341221,0.9697005494794302,-0.6397679950647768,-0.008925934038831688,1.20638325348147,-0.9336899491038695,-0.4934913144936878,1.3139880165215765,-1.919362357199442,0.08549557997298934,-0.5147979902420621,-1.57671191173442,2.2550095672070056,0.9417999274176725,-0.22061222872322797,0.397238092457913,-0.9216514988054857,0.1509965305947071,-0.4403866213859595,-0.6940894967596084,0.6397342872615939,0.5303621121776813,-0.8277486794203216,0.5767373163653554,0.29447642722664613,-0.10316548674535503,2.3375616148417198,-0.5200338800922811,0.6036026136674673,-0.20569682373399692,-0.19514440908607084,-0.4591319832530932,-0.03572259960834129,-1.422525646256179,0.8746243497649444,0.44311123446850986,0.3253058220317679,0.5871613966497221,-0.59621296847554,0.17991575850016225,-0.7232061261849696,-0.32387680553138803,-0.05315726725522523,0.8922805014243039,-0.40329322491400715,-0.1964818524707679,-0.3829676047529794,-1.0730490630453549,0.5744569858546201,1.8703895451262116,0.43794691757868437,0.9876476578478001,-0.181887629212908,-2.1221826716237233,0.6300815351489817,-2.166785699177713,0.7955803044333443,-0.21669870105853942,0.3973349474661116,-0.15414073892228017,0.1336055596699212,0.20874356949964853,-0.6424186264953563,0.47043370873109736,0.11562841947488929,-1.2781038991892242,0.40241067079271897,1.9663802335650726,0.03397486396101733,0.410152584585971,0.4253421870996412,0.4111012098156894,-0.17943106787766233,-1.1533427818794058,1.0190908754535606,0.42426989576239277,-1.162541419886008,0.7569546863229822,2.0235084652685775,-1.3393888200928417,0.8541502123171714,-0.5114096760741789,1.3799589919579782,-0.45758866048438007,0.1379194181790393,0.9174369146359573,1.7470330393276892,-0.2926130360699859,0.5248227906796711,0.7795351384114547,-0.8293297257170987,0.6530044980208141,-0.7862139497666925,-0.773085760660143,-2.1073516979102225,-0.633463916981931,-1.2326977942523782,-1.1536629136815095,-0.8582607986131014,-0.3950233784666835,-0.5745968280067458,-0.34476631812322894,0.4918801052806316,0.834600778705676,0.800881566272556,-0.29168768643058357,-0.8870396682959683,-1.5406195610898996,1.028841756881634,1.436643901921428,1.3339130079453543,0.6756017625857653,-1.4082642650118957,-0.07633260244782378,-0.3816555402947074,2.656442914445959,-0.06718123399275543,0.0557648640894925,1.8984190098250648,2.229659201321014,1.4985839236445806,-0.9894000037657213,0.5147843129055111,0.333836943962829,-0.32474326259307895,-0.08681032844522271,-0.795712069469307,0.2724469182636552,1.4134156787316152,-1.2462646287520918,0.5575392905126225,-1.013974188325536,1.4199211239349065,-0.3492253194534093,-1.1891226429884716,-3.325185497633495,0.023509869890370926,0.13667388305461783,-0.48276420807675713,-1.0783650086491439,-0.5516661765995247,0.3880087840635998,0.17855126570433752,-0.49825367937502535,0.93253831286667,-0.28257922779623046,0.6242740767660269,0.9932704222055034,0.03745968812212625,0.5608728551055183,0.08068928636071922,0.6771022956449675,-0.9256301011801404,-0.7372694201178095,-0.6210931238243281,-1.5987807624619677,0.6044399723165155,-0.5008559779588683,-0.09018540054665139,0.3925580108430465,0.00967148051406387,0.12486546561377071,-1.2405800005045817,0.9306761846188051,1.5479795448505895,2.3164914756685153,-0.16832299376430804,0.41301723975727966,-0.6747485240814854,-0.5713998588563697,-1.1527275709686737,1.6057451333418375,0.5428604015027338,0.009611067022582237,0.3518505681254188,0.7947000386142063,1.4835007362031893,-0.9302743438241222,1.124121662502979,0.6137539846644301,1.8668697314095142,1.4795907835556106,-0.7528196733492869,-0.0060628628431441895,-1.4254549807542882,-0.49505515753578,1.4048794402505003,-0.14904276543370637,0.4650311672383081,1.8704494893372228,-0.4035759978899124,-1.7202789929121647,-1.8699833410558402,-0.3431502243558776,-0.9484460619081404,-1.9740818404244147,0.11722016505762839,-0.7348978962359223,1.3539597200474744,2.1824113890099475,0.1291423753471301,2.307614917415991,-0.7832039400285228,0.7955429801859771,-1.805727550194003,-0.3101881819250351,-1.3474891587091882,-1.2359707718741766,-0.7011573409581575,-1.27597885921947,-1.4756107122782798,-0.9251068164036729,-2.7120767250113262,-1.6952681285423974,0.5670243062572391,0.5633455291263897,1.7211455092102865,-0.8789684614094134,-0.13748810789929047,-0.9785126866308468,0.5982835248095922,-1.0560299625894927,1.7909482436455801,-0.548077399891149,-0.3635795857161078,0.5930639772304106,0.40748053785674915,0.5602816349093327,1.3183722944008323,0.4412379990310789,-0.7908478997356652,-1.7745184298832508,0.3042664392620843,0.03685108072080737,1.7655336421133219,-0.32110023328058707,-0.09448366476757726,-1.7972688741562555,-1.1972631559569509,-0.4680438827318585,1.1490725869029026,0.7696165354800533,0.38551049256733777,-0.39918300295665493,-0.4893055942850854,0.4858824229385309,0.1070286808383854,0.9678029042799382,-0.15009712994894953,-0.034872898481778894,0.03621989695285726,-2.1902706638971225,-0.5342277576651547,-0.5918413381493554,0.6441919071684736,0.28599733995697246,-0.03802107092124025,1.3640825297187629,0.26674891200424317,0.07580077079526709,-1.8448706120167235,0.7283549513151996,-0.15974954507564798,-1.011781861415653,-0.3643846650138278,1.1572971598452026,1.9095315327743743,-1.1376974170361975,1.5822198415977118,0.13361687452659204,-0.3684914822715999,-1.0277467932852018,0.44905915679341,4.252455711231558,-1.6400254990696892,0.43890116922146316,-0.5702196897166973,-1.9194551373377902,-2.584492168772377,-1.3934984789468685,0.60120170603886,0.02590573584473236,-0.3226962290253631,0.024551761105041384,0.2579130802820048,-0.5027226958624865,-0.9124676554692457,1.9419646050987445,1.4455564795438571,0.1160547177037969,0.8141369851309826,-0.221809554268399,0.8466196862334122,0.2979685309224132,0.26039652911314737,-1.6031219788943187,0.9236043119787352,0.5923296684489018,1.8598978867415783,-0.7575339305365251,0.5580585131116019,0.27245298756058023,-0.40000426875525713,-0.7918760006490329,-1.0393187885710309,-1.2863192445796463,-0.051113135424186024,-0.18141359417047603,-0.3245369495250197,0.3276068611609766,0.22169853310975302,0.4548981554420703,0.6259356401354792,1.3876984199190963,-0.5527374760390086,0.03518535170496703,0.4010342105824213,-1.0274427161120805,1.4872165574026286,0.5973587375799596,-1.4974284224103107,1.213271347856854,-0.15301919660674776,-0.0420844175278328,0.7285337143037675,-0.4951752413289403,0.43946692983824664,1.5547297100993311,0.6760186247516627,1.199122537056954,0.32941518482463317,1.4634759792775556,-0.9501488209045841,-1.1799765096516694,-0.8029314833610628,0.5961247498627323,-0.05894397731536003,-0.2432501089295934,-0.3753627690260248,0.5406513077143167,-1.1737381724695244,-1.1213909126594943,-0.8212504898351388,1.3547897386510412,-0.3758369390658514,-0.8424901399049648,0.4179833790279937,0.10712322911454826,-0.01275028418213232,0.6305165397864654,-1.0958444428937109,0.8782478710918759,1.2133674636136484,-0.8476488623193765,0.6479679105842456,-0.6808120141570586,1.460132934380077,-0.03802491213878266,0.07010239354419545,-1.0123298751155838
-1.843081007690127,1.0892388694826263,-0.9799867977600847,-1.328915382418758,0.24608090185250098,1.5551532226219227,0.2651305762543182,0.24696242458636203,0.010785836073911216,0.11325085231352373,-1.3115092512230258,-0.1784040261954797,-0.5061226345501828,0.6562159245905398,1.0817582680790157,-0.4763767633853016,1.055998879139912,0.14899724087497032,0.9802979825159216,0.09837903092606334,-0.3644544960239016,-0.12103004112706087,0.24001983455150513,-0.5311107341073539,-0.049762926249158325,1.3270745876849206,-0.42038687811634246,0.05673120983308595,-1.1624054564055073,-0.38547671061363803,-0.7751012159050902,0.12815879098762437,-0.7746162034768899,-0.6253673606532997,1.3914704283804453,1.0728086815608915,1.2583522619411476,0.8432087474856779,-0.8985772696354141,-0.17286772859929303,-0.7185554398396552,-1.4826844935114465,-0.8152950131807057,1.2285271403393436,0.7629481129343317,-0.2491824287371972,-0.6709764305231363,1.6099614684553243,-1.5144596517495807,-0.08996666163602685,0.3898444746108284,-1.5474576448134467,1.5780044257494727,-0.18660533416694647,1.048558912201447,1.3426696065856167,-0.16626885848402193,1.037123250790107,-1.3591012962832605,-0.7789890539088418,0.16457723532549354,-1.399235728388814,-0.3439462050197978,-1.2952994006682306,1.218694738920971,0.0027652878660814786,-0.7133769965675254,-0.5332619950062161,0.07131630103183367,1.2424270536304396,-0.11162565616231004,-0.21051119553015318,-1.0672248570333853,-1.5261070917624953,-0.3792394940202653,-0.2794240537648293,-0.20974473729484816,0.1825827332869493,-0.07227253537885744,-0.19458256868350116,-1.1074636192330167,-0.8956708351288161,-0.0533469480552736,-1.1917868568718715,1.5406679250087711,-0.20449750016917312,-0.3867033510235943,0.37131141250465766,0.6711197976279254,0.4777305169772507,0.48842566798038284,0.13351296960902012,-1.5347846960731244,-1.6385471699863927,0.22704122377952876,0.33486205108919015,0.17718663861792633,0.6164306194995414,-0.18948821309412275,-0.31980624089694754,0.6407788248278637,-0.09218899489401554,-1.9734311983787836,1.1633627315179536,0.11686993540900681,-0.14441989877761904,1.3358175145327595,0.14983896409737923,-0.41047278901464196,0.2723272222354936,-2.669865809323154,-1.2687030116588027,1.8715763745628726,-0.4428155345769437,0.20978548146938847,-0.3141271897052236,-1.4328268089506493,-1.2252664990912194,-0.8801486679143931,0.5688439709546311,-1.7633073214047446,0.3039434897965182,-0.2630382345015388,-1.550195536873251,0.5431943263019081,1.0547425580607848,-0.0616412841010176,-0.5068246210862865,-0.7984021303023184,-0.13848144849320174,-0.4226111492625474,0.1379589339089661,-0.1937890133907711,-1.8511409369159437,1.48605038305655,0.4366842440603628,0.5525284817255228,0.26867124599201947,-1.0366325666326583,-0.26948590371007924,1.0441722924177985,-1.2103228762935385,-0.8934461434868055,-0.2093116214083151,0.6439152969075469,-0.34932694535387104,0.09302016888753575,-0.40322213948264246,-0.2973595692498867,-0.8025858757487534,-0.13916662992272313,-0.7636780982394624,-0.5839125990847607,0.6553962815459062,-1.250397395289229,0.15768138587932684,-0.37081359790068613,0.17244064831822198,-0.4616293981261134,0.6459756136847199,0.4836251846903287,-0.270526904872994,0.9547627309586503,0.24597345518827682,-1.7356386702758444,-1.1000747203951455,-0.6183738715728151,-0.37954717436594376,1.0171524828605136,-0.7885763503898087,0.056096419421515824,1.1880191489990404,-1.6071501671430546,-0.7591583574791158,-1.254960185019848,-0.35935517563835484,-1.8249728493233845,-0.7239334131754747,-0.19593099609981285,1.7503017329043062,1.2900945248700861,-0.7518577815490313,0.8560384092698963,0.9956519137425163,-1.0903589251726837,0.7372912587307207,0.9932278417906982,-0.9457272448057259,-0.15685591709737323,-0.5946772190560744,0.37892156513957664,-0.9056042633344491,-0.7381859737027312,-0.06876843816709051,-0.11733775412130064,1.0648944426017382,-0.5970962117571562,-0.3343231278232479,-1.3682952432256101,0.9298200288275257,0.6845237387094829,1.5880794458920005,0.38364588287871443,0.27229984861959805,1.6394609323074736,1.529380303256503,0.7561995692018469,0.7545443665407667,0.12613061952192475,-0.48785088517522046,0.4379294504808341,0.3385518887376396,0.05558456983016844,-0.7936874267924207,0.1728644310795827,-1.2555839879879016,0.17795001792682605,0.7435395871128274,-0.3191501222143547,-0.15302003527854052,0.4287293869108479,0.4033587460976016,-0.4579520860092786,0.19423039635031988,0.884553783480439,-0.9765875892252589,1.1004178257166106,0.2994333929597312,0.7177039315901074,-1.2142583294608835,0.2773427351951736,-2.0852573804866585,-1.1963036104301839,-1.080499419810396,-0.461392548989953,0.2842169030014524,-0.9848627091544069,-1.598823837379704,-0.1557189875841527,1.252276973178984,1.068617874925617,-1.043474505325742,0.22125902896439012,1.7721442277925188,1.973273519968298,-0.2798261234596997,-0.9563547767646745,0.8814906203562677,0.3891057480760871,1.606719972799912,2.3916791681611738,-2.054315301507354,-0.6599966029544897,1.2394963050628698,-0.49313524481454024,-0.36831256584537486,-0.7331342147355328,-2.014861178146762,0.7426050560890788,0.12709326905835988,0.5653127792693615,0.5514505973934928,-0.3422152510304517,0.19020824940318684,0.930907205361044,-1.5501057798585507,-0.04334984425980312,-0.6451393575044946,-0.8359276232298113,-0.14666326685911418,0.2424584951518059,0.24941997288260065,1.8335962831919392,1.5511995137880839,-0.6661889724146596,-0.18386442770027042,0.6463143761089452,-0.14184254408460528,1.0149543132338459,1.70105038455922,0.4883383169961719,-0.6101902886010473,-3.2354713884738615,-1.3376879741906151,-1.2420088432105103,-0.4995108725449761,1.248019125591878,-0.8676795347577861,0.2641071300165032,0.28018627696112675,0.08733856767445643,-0.3394307412054408,0.4904921735418813,-0.8535012948873316,0.4367112130515812,1.2474741721866585,1.0231145484400426,-0.5996358824423783,-1.7429728303384264,1.238396769760357,1.0743246928358179,-1.9831716734104679,0.1298977534596372,-1.2814794242163048,-1.1377751984070459,-1.4020820595272767,-0.6280988030813894,0.021155520644452763,-0.36189786599250306,0.47518254083387484,1.3123410549712677,-1.0272825083976929,-0.717246121287241,0.627776093680775,-0.32136901953788205,1.5320189486802283,0.04034315104398451,1.0060153402591656,1.8969524025522633,1.3702785987652741,0.5886077313579959,-0.7946345809439556,-1.9611577706543581,-0.8805985286846131,-0.6493160568955225,0.8096180414887694,-0.07940377160026282,-0.536941935416815,-1.9785184615745794,-0.49779732091205786,0.42661118005108567,-2.4879699679843563,0.4454087737696598,0.22540954121496337,0.9586217981895444,0.07544498112670682,1.3509923920649107,1.1088918474545946,-0.2684056974364875,2.344901899583198,1.7238134138013308,1.1462015727479713,0.33888441402502634,-0.7653959940173858,-0.5139530067575683,2.554915619130853,-0.7418548214237559,-0.5838611069164168,0.03264883489145614,-0.4835502022059646,0.8674954483764056,-0.6783469113353436,-0.8255518770315702,-0.9180620912792974,-1.5695067002521832,1.2747748898665023,-0.19458938175507925,0.7185525437274832,0.10146149334532566,-0.41683894059415405,0.7122042743714688,-1.111212554447576,0.35643691210718875,0.4382258460111562,0.3411346726009607,0.6708326572007522,-0.2931591919803353,1.140380173825157,1.1917267775500084,-0.31684500169435237,-0.36897934754728134,1.1104943420349773,-1.2610586133200943,-0.7080709485181951,-1.4438938268350432,0.14088927070421536,-1.5489384736385177,0.16264955545905152,1.0403491565040166,-1.3154214619929003,-1.320906071096378,-0.38608937419718686,0.6725639758643154,0.04327416045351346,-0.23973367749908925,-1.169972920730801,1.2224661594557402,0.04032710869987435,0.3125862766891615,-0.8577407661034452,0.11626053677451728,0.5998735600163313,0.6574780470882953,-0.03729867976071883,0.6398746971266696,0.5164648445265236,-0.11462871097112766,1.1850455920197591,2.5773143153200815,-1.258060308845008,-2.4923934837005537,-0.5337986315914336,-0.1844139003703043,0.96494620251405,0.8863455760573725,0.8876995774123467,-0.40305499480553714,0.15805463389214072,0.7485347306386291,1.3580417810918433,-0.6037892788551079,-0.3775248783068425,0.5011406155907103,-0.8851601755951657,1.3397680324630068,1.192437090082785,-0.8791531940247659,0.18033264321949422,0.12292204151844452,2.083593226470447,-0.6869574944482214,-1.7964187618497578,0.04274967106427994,1.4665815078597664,2.860117647504495,0.7990964812256299,1.225454207933229,-0.6150737919328102,1.1270360753089932,1.0867601759639953,-0.6310446249867979,1.0053855188829237,-0.6698331167693388,-0.020729306242866678,0.6959330445262899,0.11297651429475558,-0.4445689674426247,-0.5865591745411143,1.843636549687287,1.022921816066069,-1.0305511208531999,1.7797005636547674,-1.4768705062568552,0.5748938448405456,0.8990501343953843,-0.20855095374139818,-0.09922925916347211,-0.8459685566871444,1.178142685373537,-1.983144945889354,0.47482660423017725,-0.8357813027351464,-1.9382753414314482,-0.8457157792797809,0.47547713368792954,-0.514775189681977,-0.6878803107872411,3.3375972502714655,1.3876113404244743,-0.3947951600998081,1.4749164053738528,-0.8649168665836944,-0.32649502202826414,-0.3389475049678972,0.6819323311853721,0.11094773896554769,-1.2223843431029138,-0.950608930482671,-0.4567145214166361,-0.588196881458602,0.16913679877129953,-0.006206265593087008,0.9795710967616231,1.3687339420093767,0.3394530880513601,-0.3303117391127682,0.6545883394627641,0.16685970900810335,0.3930363774659911,-1.1360331209274912,-1.7019118400542967,0.0802041575073685,1.1224630607305734,0.9956911328431679,1.0873408176873476,0.12336092754416067,0.6641137920186477,-0.008921189118506378,1.6579268831289862,0.7886435494832518,-0.4970362022548058,1.2035988739394603,1.266842434879947,-1.012530596991031,1.1327918255051432,0.527418493859567,-1.026152546310279,0.09353805657670494,-0.9152624567451543,1.0857132661643787,-0.02370199975157652,-0.8604578382830681,-0.25210985481902787,-1.382268241223673,0.40723743120591743,0.5678519678860846,0.23788785717474545,1.816578155883972,1.7260769370287574,0.19559869787688297,-0.3158167528035861,0.676095656118301,0.4355492764457854,-1.553824080032857,-0.528093864424833,1.4714351830922126,-0.08616574588078135,0.26670843275817746,1.344153151842387,0.66252115890644,0.2370553829253884,-0.6735795023041758,-0.7066173549857021,1.462185533908263,0.2418700822054977,1.3577727244611253,0.26283559189760514,-1.1619593933008683,0.04624625970741455,1.3327236961085045,-0.38242474590623937,0.8573796835523311,0.3236772484588575,-1.2128229640230197,0.5545549836390108,-0.49764025190686506,-1.500587587251136,0.5191778208104548,0.6137081929671038,-0.7747937945464292,0.32272554135630716,-0.6186145469103844,-1.1087644370930825,-0.10656813410986195,1.643826355467935,0.9961545410305181,1.5913071740425508,0.186558986911594,1.665830523687407,0.873323514080014,-1.0883775077979545,-0.3319129284194685,2.0139316926976156,-0.29990428496874116,-0.3366820019309917,0.10654958296267861,0.45078946333255093,0.7527570276178227,-0.37507312914442253,0.7674928311539001,-0.002008837078489199,0.9602412057380652,-1.621870726750344,-0.7972491563516522,-0.30050328067274557,-0.14024715147374248,-0.9074999738753435,-0.41381017310411694,1.3148220540872977,1.2960929950077038,0.20296734581267745,1.1618255311872856,-0.27385946497193836,-0.766822264148309,1.0859344014025414,-0.1917747821815128,-0.25022002573867813,0.9643757082805349,0.6209914793861511,-1.1648414225536303,1.667595042044449,0.7667317368101803,1.9241971930286372,0.7718231126157423,-0.32674742033217974,0.16908300600752396,-0.8799488275359735,1.9672801622686327,0.4505651783119201,-1.5155524530221343,1.2878816287009534,0.5167362628555863,-0.5297719201108062,-0.7829540727466896,0.14186059914721275,0.07176502698465113,-0.536017359491664,0.627115333857129,-0.10077259364963005,-0.4331875702583476,-0.30843461073722195,0.22299026134134994,-0.2838183346670786,-0.1521127611715972,1.159201145290536,0.31617424768312397,1.7095321185246495,-0.23369412889831073,-0.3762039768897859,1.8184155503680162,-0.1819498250376927,0.5703174695411577,0.28172954491414975,-1.222937766412638,1.2860376489287713,1.7055799827218634,-0.059885533563183484,0.014219067310743011,-0.8818021428981713,0.08303150586842314,-0.7069891238378382,-0.19877656557354456,1.5171322588528082,-1.1563322553006687,1.859234531829062,-0.034829670216707964,0.29908075225958286,2.2379820398723296,0.09503241412275139,0.9186675960912957,1.3083915143363924,0.03045164229825241,-0.10663470016618351,-1.0165633818923814,0.5168290760381609,-0.5091240543727851,-0.805368559105362,-0.4140795113596712,1.2953517291669863,-0.2902551111216137,-0.47574730148271555,-1.0106507161805829,-1.3653821115659504,-1.11507550545126,1.3324026198670835,0.719687967618542,0.0920788113508535,1.9996595307529859,-0.5290708433310257,1.1635656037672886,0.22310174211809855,0.13787657288535068,0.453629534230095,-0.4784642999020822,-0.26555264124477346,1.3601217826408025,-0.07516918756313497,-1.143062241974807,-0.6635568784021395,-0.44036294592981534,0.8782515928419761,0.7981944814466683,-0.1556186410526001,0.7501751849519556,0.22730527066702433,2.1423945019417494,2.3478374606596186,-0.8230506319892538,-0.5997423798376118,0.16717527827194326,-0.4434007902342077,-1.3111374804950808,0.9934749196442902,0.7206791659570065,0.6880633329389566,0.16560426481396706,-0.21844387040950433,0.07723613711023118,0.12487994901358081,0.37936956124710475,-0.3854961760794821,-0.9043838070786647,0.8228113040694038,-0.756176712876436,-0.20783609035989195,-0.8763860070835987,0.9751152911616503,0.22207578377731707,1.2874493318774825,-0.6850444954484601,1.0517601979069633,1.2185433567264805,-0.6065622387937499,-1.716596739704807,-0.03311028000535403,-2.128460885826087,1.6833608643505937,0.2767640928318832,0.48817474137513706,-1.9009987925274625,1.1261829244223778,0.06124564429239098,-2.057266926150662,-0.6919988276771192,-0.6451271411295686,-1.1818595006767663,1.132828714869965,0.2951299797394936,-1.5267707989366321,-0.41589997308255733,0.32402646655315376,-0.46909375065017206,0.11533455669088623,-2.2598807116025523,-1.3013224410748552,0.7133733604110245,0.35984154608661073,0.7309687843892999,1.2367240722071173,-1.3993013431314525,0.45129523146396266,-0.7764776050141877,-0.16172644923625265,-0.8551856987366202,0.5221469474355461,1.713325092875101,-0.1662500712831072,-0.868116919836859,0.18586801467146444,-1.8337878949538766,-1.5336621315332488,-1.2297663973546504,0.68953953167778,-0.8421092527623149,-1.378416669228127,0.36387134695085,-0.993573397626463,0.05274440919507676,-0.03581566519134413,0.09299382792184593,-1.8532766800788412,0.6407796931500072,0.19592129459024432,-0.8186922425359767,0.4500703810459487,-0.7378909683753975,0.4199310320056958,0.7882234707969475,0.38376156760205304,0.26951139257616485,2.4950875857600883,-0.5055803158480361,0.732581710893049,0.7445113230687461,0.4187679019452764,1.9550718819576511,-0.9271567708574134,-0.14947446748985072,1.312315900077269,1.6806731749153403,0.7402297130996356,-0.5521932032212298,0.43676569352925876,-0.1875226230759236,2.5080064704289082,-0.13610853910432794,-0.8008043895688935,0.4100454153940126,0.07094983240740657,0.00441976294294246,-1.4040463912439796,-1.3100213570606332,0.6226403751731199,-0.9679360931077223,-2.2485616422947006,-1.3953368790112797,-2.498863920454125,0.4220905428921601,-1.5011640715552987,0.3886531952700603,-0.6147820230534288,-0.1760484971927832,0.7963435496900461,-0.516497746573523,-0.20691767477771328,-0.2843336457121242,-0.409908932083686,0.02706873252980108,-0.037551806807959186,-0.4666502982294607,-0.9882130042803984,0.5967635848778818,1.3257735727810624,-0.8371080452455648,-0.721796303727059,0.47822742546801866,0.30316361749918935,0.019700426577772143,0.25700033709093745,-1.1217897692883887,-1.38880964645251,0.9336201831294569,-2.0872533689678834,0.4324151222753563,0.9718258873551096,0.1067243934851923,-1.5926455895979788,-0.054124256168444795,-0.7411804032652248,-1.562329919867378,1.0932654227470586,1.688429115977793,-0.33671416266828896,-0.4348714520236258,0.3500195554629715,1.1490043877236416,-0.36708334354382716,0.38555598579758227,0.02683351697071619,-1.7444563421450885,1.3168946758792395,0.5177691314822878,-0.7972443994895442,0.06334791149875187,-0.8317314180916051,-1.337469340529006,1.5586034279884442,-0.835339774809461,0.021206541835049116,1.7579923211986423,-1.642815096536574,0.4424660216675664,-0.7127564850742061,0.6691999082538359,-0.251893248796979,-2.247041807638424,0.3355022710895844,-1.0092977819993574,0.48717148322716924,0.29799497764483734,-0.593659204951131,1.6306343497151699,0.035894155235050386,0.5224902756583191,-2.9088996255342567,-0.994467968845931,-0.027032977383265624,-0.5751717242197616,-0.9093777066783661,-0.3819533726986994,-0.05596751471091801,-0.15257086010220913,-2.223611305299775,0.7936019096244805,-0.047386543834858845,0.9329016440703178,0.5094121362137868,1.694640877932527,0.8587752463608839,0.8634662418745014,0.6895507152933263,-1.7689501726835961,-1.1153546028861514,0.6445208986061307,-0.7901433747580432,-0.3164195880215088,-0.23494504765237317,0.44602450678800576,0.5400740211963296,-1.3958603608162525,0.5803329336162953,-1.7834669297427188,-1.2100622646598722,0.04977009439654886,1.2039262461328746,-1.3809798365551418,-1.4528541221688647,-0.784996875906597,-0.4820180361270747,-0.6010758705411436,0.27160414712826325,0.5997748662999982,0.7003907692914229,0.8404750413825705,-1.6151770576038695,-0.4130640634659991,0.8760017563867135,0.08041132568575877,-0.7874408587660844,0.3135526370806791,-1.7095064197853629,-0.3662194603743067,-1.426190900017385,0.19207151105782383,0.9956110211483753,-0.5216424190895548,-1.3116864073682155,0.7654180115218655,0.4484379932746474,0.8031409834178347,-0.6217230710054643,-0.04841092225216609,-0.43006433879502665,-0.924959006680574,1.5048700388536895,0.25994227873824255,-0.12092419503494568,-0.35150214563424226,-0.5696797842591452,-0.601000160610912,0.8563294290804081,-1.9032690165755888,-1.219825141912567,3.450850898766417,-2.24851228472981,-1.3327794456359103,-1.1291919913634942,-1.6421612169575266,-0.7872920338567367,-0.4232694795055166,0.794854350583297,-0.6404024768682045,0.765816240830386,-2.345793925561223,-1.9076301330408563,-0.5319078923506566,0.11149479408263818,-0.14176334593499865,0.01501535939352769,1.9612593597121986,-0.13243209041839396,0.10369687315950776,1.5007519524401254,1.0587993081465252,0.7722675601126429,0.20844284954642409,-0.48987169651645457,-1.6666762019619439,-1.0402604226709231,0.4637286623091222,1.1582820411421684,0.02849111218315755,-0.8762344351320179,-0.5184296152844028,-1.0026555238047132,-1.2367659398832114,-0.5687582493986274,-0.08912448743793105,-1.146849342198829,-0.593772141578496,0.2802716206800598,0.9705812744768374,0.648693504461824,-0.41379374453622514,0.7557296870586905,1.1665750173008367,-0.17104354238392167,-1.4291131573555085,-0.03208613235760337,1.5468046177110424,0.8403084925190138,0.7889118307614584,-1.0501877535081974,1.266403544011303,1.0735468580958558,-0.18089947670115192,-0.3622619114721288,1.551734483380803,-0.5869769069655307,0.18181428051173443,-0.2292748364804383,0.22189971373910042,0.8276486595159076,1.4212231242593651,0.842697602946769,0.9407501969883777,-0.7945777859068619,0.061702727782760876,-0.03500065901479483,1.105038294633666,0.010252847597800204,-0.2517323750031473,0.8114591982246795,0.07991503569600351,-1.319462380056141,-1.224785950537993,-1.1430533605268458,2.947841253244469,1.2144059573666206,1.266951099063704,0.5376653476164872,0.9539283037131449,-0.5719142809301453,-0.05257990814933504,0.7138952213445294,-0.9413447399786669,0.779449600949766,0.5065791972924294,1.2232776653032833,0.33107774640860804
-0.18784990957421827,1.3092416291423883,1.037702143962064,-1.4451905650875108,0.2768421713093725,1.0143562487413318,0.12547167501017797,-1.9057243887222186,-0.46084477825643244,0.05423081295115021,-2.2281308978243506,-0.2870956866099342,-0.5442582421099399,0.44582262453344657,1.4580422806813127,-1.2122593207104275,1.0781036235203507,-0.016666105231942785,-0.6227023146337312,-0.631965085612908,0.3494285046744779,-0.10698353510562603,-1.196850836851053,-1.5675273536786358,0.6132495989220612,-0.010609077682847011,-0.8773934302287719,0.28950639356941654,0.5915658696069872,0.766092842947834,-0.5137270851547953,-0.7967192850515353,0.844656563648366,0.5492493279657822,-0.47852504462603185,0.6433822077568248,2.1802410087150705,-0.451407577250214,1.2855316200332183,0.3406500828225875,-2.001231572461283,-0.31101431747380964,-0.10602331386137938,-0.30506542987522445,-0.21490404263500934,0.4021000080119916,-2.1498238916339028,-0.508523768481013,-0.4263766710461203,-0.6126925067269565,-0.26975577698952435,-2.133008077740156,0.7806354485378806,0.023015013350196144,1.8982920393696494,0.8773093763402644,-1.4040160941488933,0.1121591162828848,-0.30215370622706267,-0.5817850162713216,-1.2069696928431919,0.1721748546467098,-0.6043908184488063,-0.7745244593932199,-0.826771298684079,-1.0642289556562923,-0.27770420888541614,-1.047919937598544,1.2420294399936103,-0.808035921749564,-0.006753634105467084,0.15763558002635716,-1.4138776341794654,-0.5829122594281252,-1.3552555886678606,-0.5670375861683821,0.9210462388179467,-0.12173510767777058,0.9964357798118377,-0.34442806760042494,-0.9977412468107167,-0.6785730132798452,0.6074525483282983,0.5552576684122791,0.4175616522655323,-0.2933309550531949,-1.6927752022626785,0.4140468194462796,2.180267467722311,2.3321783498702264,-0.2784583903461291,-0.09578322692018779,-0.16892233282958063,0.3861837717105166,-0.5746700040453688,1.15184916051552,1.0937336974480791,0.1619013848813242,-1.0052940457067825,-0.6663478559221877,-1.6842487922982703,0.09296288054203114,0.8329146684952407,1.920538264741331,1.038551038383629,-0.4681964312365808,1.171947821857948,0.45388134035173516,-1.4527202790050897,0.758189796432386,-1.3024879553399173,-1.482914884313726,0.8415992637702817,0.27405815600678307,0.4362008059773546,0.18883254786502923,-0.3946487781300942,1.4142398123969677,0.7348173792293916,0.7017960663162589,0.17921571736328895,1.6357556591902311,-0.6780544311615512,-0.9658933731491023,-0.4101024647869121,0.9354308770715514,0.22772615754671924,-0.781202454804673,-0.5572520960421852,0.011085446864106977,-1.9883566861904014,-0.9130126044297557,-0.3602620389140823,-0.9772733709831709,-0.17371637305791776,2.372373593981093,1.242300861562785,-3.172519818867858,-0.6852847834651025,0.22939587110142448,1.7134948618223176,0.604139612709176,0.5748103916322349,-1.1374683376618797,-0.11562110129403849,-0.9080528648661502,-1.4434958871613885,-1.096159138157289,-1.3055170998252221,1.1009222045441298,-1.0649702433960344,1.1711861015613303,-1.0712253287621591,-1.1868001283161753,-0.6284081911681982,0.5722988192914188,0.3879402915875109,-0.1552503312591584,0.5626389959379741,1.0775644846840353,0.3497765609354431,0.4044930246784164,0.5505953183216056,0.37744619341217583,-0.03256023455889122,-1.1553024678997326,-1.2132613783681432,-0.0851769786695037,-1.3889830968904384,-0.6271453198205894,0.6238890883804236,1.2837080126808231,-1.0411592380238115,-0.13603691694849485,-1.5080547477134456,1.0560460200653181,-0.44126327922772,-0.7386075381861904,-0.8721384183250549,-0.41941550565482366,1.1904142261298478,-0.5320931563308052,-0.23551793349030883,0.776621604937558,0.6483460011482813,-0.03690858142958159,-0.3936357232500438,-0.025090168613680013,-0.6545880255789057,-0.5530020500976462,-1.1054370355767413,-1.0536162742320543,-0.3703263652931125,0.6912568569997936,0.139436689177513,-1.1140646480927408,-1.3819833841507698,-0.9216067352707017,-1.7027031521622205,0.49759433833762945,1.707573393333887,-0.4338529260776667,1.1651375559635035,-0.19025317238669073,0.3776282594303449,-0.7819327256105769,-0.405743749149308,0.10563688740855924,-1.806047712286719,-1.1784163932348561,0.49787803265368225,2.017352064945557,-0.3526440660919144,1.1525277984287359,0.48669767970786687,0.864454251391799,-0.06660559997257184,-0.4257337785902989,1.480646792304278,-0.6945194922955924,-0.5073452465031137,-0.9787497549421005,-0.542410731069618,0.5040484371973011,-0.23793885178754248,-1.881732315328815,0.2121477220414954,-0.35444674260718123,0.7601775397858034,0.5315177600466391,1.4423233164733777,-0.04623006701018553,-0.5497323811403574,-1.2090472899937788,1.210279231340505,-0.5623190157030016,-1.1014372669539563,-1.388232102202673,0.3683559099350236,-0.3732475482765354,0.022108148803101274,0.5139694566389318,0.4603296620068057,-1.331615299104535,-0.1455515491945557,-0.7927351866313476,-0.02817413317417012,0.113590676672363,-1.7101612172277607,-1.6360037419578033,-0.07113516546687709,-0.2312134445386985,-1.7350267661323058,0.29836775544697675,-0.006483280439736208,0.21517212175080322,-0.8759746038441839,0.18837117134382272,-0.7075284117712123,0.8765567448403572,0.8413197333672715,-0.8197338985698515,-0.38488180054848237,-0.3673630219369182,-0.7448939167645663,-1.8445722861807639,0.1356406540600137,0.9228561885985367,-1.1828189261666449,-0.14115555139701072,-1.350812285647005,-0.6029171210159994,-1.442243103086256,0.40955722157633667,1.3596375074142681,1.6723199537526547,0.7620930950993481,-1.3958453939769908,0.22271245469243972,0.35566152726618794,0.8241968596203436,0.20822396924981268,-0.4769732035513122,-1.3418319879672107,-0.770706747433368,0.0016085857103915028,-0.14945937147265573,-0.5941366764527141,-1.4650428976978516,0.5932181018653411,0.47337267443987785,0.8161163110665853,2.1876913785899705,0.7237453131659873,-0.6932785973129625,0.4088040605582961,0.8980241440188761,-0.8742613311472809,0.25217695717263405,0.20945087092414452,-1.705697536153329,-2.5182125238715707,-0.5850503847773053,0.6856117170602425,-1.4593108555449752,-0.32952654469961196,-0.7660595264671484,0.5067817253567455,-0.6624090540913209,0.5919450262445248,-0.5223331012506175,-0.6646627180614664,-0.32122466722106524,0.6111790992326441,0.12454227873908218,0.1538198446972308,-2.0679452901091215,-0.8107803444877607,0.1194526248203258,1.4618991698292196,1.8480869020577155,-0.1819784947964505,-0.8878260166737518,-2.483091092934657,-1.0130802194973243,-0.8075109597372606,0.6462564477552393,-0.30807302438166895,-1.424690887922293,-1.4316972962687842,0.5301252468010883,0.5463570990459437,-0.9765707304940038,-0.668807846855261,0.10588360876699228,0.6051370980370255,1.3236515967513396,-0.5436435578384411,0.5667829508770565,1.1817743562935377,0.5485718860049026,0.7537595413304266,-0.16630631052581574,-0.6897592083044707,-0.36395093201101053,1.190798722007509,-0.5796739704449408,-1.075919167188868,0.636362229912861,-0.22780344333713132,1.2062360662694285,0.8562584506951494,-0.2350239734312362,0.42190653624147073,-1.741006747087397,-0.1261237800122681,-0.27002590758059647,-0.18561456498828077,0.4348179496443631,-1.6757133501719437,1.5010517208306127,0.37154681615907686,0.8645938873651209,0.7336026555764678,-1.210316762573126,0.8372072016745774,-0.8351021264696706,1.8080753449974611,0.6469617372544342,-1.5593417489931884,-0.009027272416641904,-1.3157777767087828,-0.8115908852167991,0.2606780899446504,-2.079381805856341,-1.0047796291570297,-0.14125196966872797,-0.5061043468446401,-0.531699828708335,-0.4548872865393623,-0.7168886043048884,-0.30153593550844154,0.537914715495693,-0.43389809874600355,-0.043956366397970445,-2.0639107818115345,-0.45863896306230834,-0.4767449147632677,0.6765263407780504,0.13463766701482024,-1.4793087657587964,0.299725609372209,-1.113376109985887,-0.4839683833478608,1.8488172948326016,0.40987283314523637,-0.8374126133049948,0.5333699140100858,-0.9067904079512183,-2.190446276271512,-2.5938611719587117,-0.8358823518319659,1.2624743003572412,1.3215954604426583,-0.2183782344264759,0.8954664285199484,-0.6939112582284261,-0.13765363416143572,0.628899059863416,-0.5008481475815318,1.1241799680653428,-1.0261487179199333,-0.4184605326297326,-0.2863051876476357,-0.8705608202105478,1.8648243246361502,-0.274144862221248,0.3277398579376967,0.43120461582516206,0.9012145610226213,-1.14836235213486,1.206596815188638,-1.0229636190594817,0.4824396462554519,1.5449461128385613,-0.9973371179237999,-0.17951541253225575,-0.9097026244997316,-0.06938365362610686,-0.4201139357035798,-0.23168681087440293,0.2529369746764287,-2.1370988248207463,-0.07602038723516485,0.2801732133595104,-0.055488884912179376,1.184944758293951,-1.438709576014734,-0.4221801476499396,0.23604850899385046,-0.43361040864335537,0.6598973989548653,0.7213648105463076,-0.35740655001052396,0.7142587160733475,-0.3598401377755729,-0.08202937911387219,1.5265746395828266,0.311933867210042,-1.485280379143153,-1.1480166330031663,-0.2004276201540469,-0.2170475284850833,-1.667163596046187,-1.057953000969105,-0.600767590551103,-1.0972800472259978,1.5631020343928768,0.7751694863289629,-1.225438078656709,1.7651380062609248,0.8247055680549321,0.16944942700632007,0.09548982091376897,-0.040512448731200246,0.797011060368478,0.506538793685145,-1.244010771971267,2.1405872948869966,-0.4039979673148808,1.599543730592528,2.3145075373906923,-0.9340860859115114,0.5658933801375724,2.2617016438703557,-0.4829488567924706,1.2079952321038903,1.8905917928960176,1.7610555147491578,-0.5555241207639365,-0.35527286217672893,0.18453216322003382,2.0813659403779345,1.2802126081447374,1.199883637533274,-1.2219237743161449,0.3810733769786699,0.9239368952519358,0.2913478387080074,-0.5817336936596308,-0.6775792557668772,-0.9507326277001261,0.42795241537303347,-2.10809698718572,0.35420989231199523,1.4892758529531347,-1.1234567805144342,-1.190135353974246,2.3104874679557175,-0.7153086044427891,-0.053750461606350115,-1.4039601346304371,-1.0438098570246768,0.1898051966829713,1.897923033561796,1.6725065792762421,0.11357859350326552,-0.017224531050084188,0.28971525940431625,0.5631577723862,0.46906019260180526,-0.5095279234584741,0.8818512478255119,-1.745269921363678,0.17160694809326402,-1.8190578312154202,-0.029417734236831104,1.443166331166198,0.11040357758968072,0.411025477997835,-0.21648229334577182,-0.2884865333743531,1.872798332201524,1.028131204969745,-0.8215941934619686,-0.4886967208078053,0.5584044657957715,-0.8272698496072716,-0.42827905693230556,1.4990107896729814,1.4291134070082805,0.3901835600054795,0.9803244832744413,-0.11703335349776058,0.41256496421779315,-0.05005091575519706,-0.3329379962894566,-0.5840584875260248,1.1479701079134335,0.6426480921545492,0.11357390432271956,-0.21649013399785821,0.11949944651245668,-0.712544851939618,0.46675907122796884,0.5866296732088769,-0.9725682135437859,-1.8864339833774586,1.282959012842279,-1.0760505402837968,1.4879498580643526,-1.5167764172521343,-1.321521471981778,0.4194298342516233,-0.28168402430125555,0.6199855391044592,-0.07044799348408275,0.13203052432555729,0.42728787264978724,1.3351810058071454,-0.5732883867795513,0.5458541430355771,0.5036946862932568,-0.1489249401101721,-1.9679503188310137,-2.498828772874677,0.15067984405140694,0.7102572857604926,-1.4057139433788512,-0.5596341850329223,1.5330942628052378,1.8722323485180759,-0.5144416906497395,0.12145794739024829,0.08073418681067455,-0.08698960836172683,-0.9256922577464965,-0.8416970853798746,-1.1589074355547337,-0.7982973901740726,0.8153025679067083,-0.5443517117659854,-1.8357898462681226,-0.012529200915825593,-0.020543354523000653,0.9351962892557287,0.3488808102279195,0.42988770363919493,-1.079924223271757,-1.4854866776188842,0.2880786006648343,0.3018081571408963,-0.5069464220833587,-0.5893868347625172,1.8920726055636534,-0.7487866603563643,1.2405304246294242,2.1652527429220485,-0.6178205646242596,0.5595964733210033,-0.5082374370652452,1.412062897296152,-0.4712109011548365,-1.5095485340767778,-0.10722119147126356,-1.20116578942227,1.3939543701092232,-0.08216737166311154,-0.9126534415172874,0.7248452773465797,1.4358068958440795,0.41460461980951463,0.9745560747022252,-0.31450631045901617,1.0561531061288412,0.949887103856863,-0.8195354004599309,-1.2436701150097083,1.4976061185069238,0.7392330237703897,0.0906131045600091,1.2323178084156103,-0.2974479056674159,-0.01942352675582435,-0.05547641401948061,-0.32322494369569615,-0.3952995960201838,1.5851347443692607,0.7758964755007098,-0.9531739479197083,-0.5776475805699494,-1.0795015295335721,0.26505143853482105,-0.812245604033513,-0.9682203096074515,-1.350288363775408,1.055023215549283,-0.8762187125951457,0.4440386915769883,-0.8278414360199342,-0.6017675846903949,1.6797689757029126,-0.06197960638240975,0.5430651425687383,0.8173672966949554,0.030445936493576783,0.5654471906559392,0.3789607999713346,-2.8239828328697376,0.408415557734066,-0.19812277011300197,-0.3059613528399872,2.8557666535987756,1.3437093725113467,-1.2887543770830343,-1.6190907111769006,-2.323469092143276,0.6283023946959628,0.11180581130585458,-2.4397870099236165,0.795810505761052,0.24081277034543902,-0.5982607849823899,0.4109735012160815,0.7245673302585557,-1.1079010642412017,1.0243016491363608,-1.3920036317036522,0.22856221548298933,0.5308916953181977,-0.29919557382869383,-0.13606037524476397,-1.1574093818256563,-1.0150081784627762,0.11338236555427063,1.3459235014240458,1.6274629000992402,0.7814616630713744,-0.14230348008615273,1.4531153063255877,0.0690581819872662,-0.8807550191258559,0.013224537094579355,0.33425021915757525,-0.27615459580800783,0.6728133810581775,0.8638213907435229,-0.17893514618290737,-0.861433450114981,1.5775710296399412,0.15835844138162475,-0.01583675574493872,0.1017628578566963,-0.7315062356280813,-0.20671940223085022,-2.0194123191941684,1.0704655819462898,0.17675926000620756,0.09246936516885988,0.11849180367299426,-0.06242109225139667,0.686787985633694,-0.6716651156279126,1.4674775611400996,-0.5429323174619012,-2.3223915910103905,-0.05217098874426656,2.1598258721795345,-1.3899877538105097,0.13371839098935798,1.3220890539114967,0.4062898658068054,0.9399906035965305,-0.8640500074191714,1.286627836972619,-0.17910292087238636,-0.05191541441875835,0.3061021747647506,0.6121211794698306,-1.0560943825285452,0.9535746785128741,-0.7748298419906838,1.2305089540088692,0.10457539458475593,-1.6310622690674956,1.0058840902412807,1.0998627057582677,-0.5827581279205866,-0.20122267157819304,0.1363409274629706,-0.8721918455890965,0.9243321204178352,-1.054532827159002,-0.9287269505658412,-1.8408041057118487,-0.1441827242128437,-0.5813320880287132,-0.07020933254941407,-0.26800419188012914,-0.8605076141017945,-1.4032853528083362,0.04953790285289092,0.8407434503778791,-0.6164876758657605,0.8370825377534883,-0.6907640166614327,-0.7991533001638789,-1.3569319238280864,-1.4249515400613009,1.4968372596580877,1.5057528118439558,1.9719283289602223,-1.5103899537812884,-1.5488154370859446,-0.933383811031718,1.4560909020527453,-0.34288262154450655,-0.08509695298705555,1.74718832022468,1.1019986098048382,2.43986281699053,-0.5258201636675921,0.738160257609469,1.3561249409346665,0.9160705141306701,1.456807347300363,-1.7726990217659324,0.195077117066033,-0.31255210067621675,0.4587094014501308,-0.07347145599813099,-0.0269883309681632,1.181229579063406,-0.6531739580304365,0.4388480143174379,-1.8573641138709307,-0.11479386795861797,0.8140375739383864,0.8899453665181426,-0.3364500930866983,-0.2384939715261677,0.34515455355053815,0.5180750327043756,-0.5949472873292182,-0.2162229798557456,0.06206727526052158,0.29686465252357525,1.0411266561103674,1.5146106748581878,1.3007885368533223,-1.108503255658439,1.4957226288331322,-1.6435112156063132,-2.0163049107885715,-1.4118472077132331,0.09145854070659529,0.49628230726519146,-1.2488565509761584,-0.16383765224423436,1.871381365172719,1.8276975505197368,-0.05997747208431996,-0.6240064413253601,0.9544906292136603,-0.13053631529125412,1.7609058469403491,0.7740674563311893,0.07735789818101658,-1.1744283570007075,-0.03706940193936325,-1.7099257959444194,-0.281395074955179,-0.4732044733892413,-0.007045587909359081,-0.5857272190831975,0.4473226788698656,1.4601285690379089,0.7034134121882462,1.402690851026922,-0.005648330692122882,1.4381299037265234,0.7565371869369032,1.427915231178017,0.5772307812914339,-1.4623318239417993,0.06457481854354298,1.0018357019468862,-1.0225481096138545,0.6057749209529686,1.0668951735803018,-0.22141913503574054,-0.8085530172202222,-1.2856440524287807,-1.3396136879095855,-0.9779435315416489,-2.493944763522107,-0.43074339088499153,-0.7754183116549647,1.2843311509374278,-0.082158998800653,0.33719079311415284,2.1674219737192755,-0.7052232217336787,0.002648160422814068,-0.3110440648430355,-0.36470966083171885,-0.3834021008849717,-1.4781540401415367,-0.36581518001551455,0.08722502146855622,-0.5142379971235379,-0.709830817881107,-1.8303465157916865,-2.249278557078387,1.1124299246590847,0.14890999824424198,1.7717778411620329,-0.33106007603229104,0.5890385971904504,-1.4709126467401232,0.6364679679854452,-0.1518726517175442,0.8880706711471261,-1.121707114885448,-0.29919690252691183,0.5510121510430034,0.9267423883971992,-0.020700305650273844,0.3424816086997087,1.5133759372727629,0.18829781853168964,-0.4063221711974887,0.5030531373038645,0.2380229424775198,-0.20559882673302562,-0.44507694864420216,0.3494955158577477,-2.5973900848468743,-0.05130165202571969,-0.9735776371217473,-0.9544203948158817,1.2224390403120111,-0.338823901016223,-0.6469779062796323,-1.1788302845954493,0.4972499700700463,0.7506381023533518,-0.024624472660117767,0.913002201900076,0.35226377237259193,0.9922258131847042,-1.496382895336826,-1.4067778731131186,-0.5457819525579871,1.2119613843587087,-0.6200132619488897,0.6410777253110211,2.203353335800096,0.5559538712608627,-0.9924011081151914,0.23731297370412108,1.0875646329782216,1.8148881127530634,-1.1779378204642472,2.3271067063688755,0.6637699924005867,0.8692960085689223,-1.6986114404688524,1.7965668062189226,-0.6966232926404028,0.31130217455251347,1.1243103769584855,0.23547334779566836,2.536878304775982,-1.8607514469831925,0.35669052509899385,-0.8244502665755632,-1.839547171007723,-1.7385113087066406,-0.7267823303871767,-1.4974450424219383,0.3976421904700567,0.4446413871414594,-0.11899964531864445,0.1755802040475838,-1.9446019930630014,-1.1779332316868518,1.8217477707190992,-0.2191931963327126,0.23045700355362672,-0.6727784351099065,-0.020859083812368923,-0.2217678019285235,0.19576863729460656,0.8389451609007936,-0.8663954017063233,0.9467698375821321,-0.5591142877882566,0.9091075170397982,0.022661994189634056,1.5292003758571004,-1.5171945633174295,1.6177535823093159,-0.343933114151847,1.2625327327524534,-0.3783246255886117,0.2117320222347853,0.16696271809053653,0.01456783185075289,0.6064243359860371,0.0936387315863024,0.8212894928826867,0.7999883482937773,-1.1158890432514603,-1.3508573590451438,-0.6851278713275064,-0.32553276088003263,0.07668543372599697,1.224643309131371,0.31421988213424984,-1.170763173510912,0.5090199188558122,-0.4763512694569268,-0.12789800817109725,-0.009416570076431475,-0.26743552242901986,-0.13656337276674774,1.7606231525572245,0.8476450685730645,1.476347467660277,0.17605262212859965,0.40913322414700315,-0.19929108888424346,0.29776194852574467,-0.09169924776962596,-0.2506915042557594,-1.066739511745477,-0.3315469143554582,0.2704039591049696,-0.221704218807423,-1.115869944628067,-1.3040485880486974,-0.0550194324052346,1.2166488905603732,0.05811985181579122,-0.14087044089319586,-0.10064724902452078,1.4779892990575003,-0.653983028071313,0.23435398308321406,0.9354449392274883,1.2827594163248974,1.198097574292977,-1.3070443257874036,0.20240884148817226,0.831702510516861,1.259963446149537,0.6787255322881609,0.006995318865849675,-0.8500551391631966
-1.4671128971844323,1.503677543711858,0.4773443007329352,-1.8691192155511411,-0.3280385140546148,0.743528135861362,-1.329320072927232,-0.2183387733607093,-0.41278313438176467,-0.49624549863017925,-1.2095105165558777,-0.542791133826911,-0.17225928534885748,-0.19507346103149464,0.22568862919729013,0.20364898892244743,1.1287448909048916,-0.41914670981688135,2.0648768371291135,-0.16314656295306929,-0.18504453609476232,-1.0851521809626252,-0.6275352621591846,0.8912365178504887,-1.2216934844948262,0.6138136164528114,-0.3954820206716293,-0.7035207802131062,-0.8342260757138948,1.638999282436265,-0.18395752102495427,-0.7284756085896039,0.07505562913236286,-1.2206446134311129,0.6840493994242677,0.39522272089949995,1.2977786106216243,-0.017470816763592818,0.7756100091151651,-1.0715073722203592,-1.0661345676458824,-0.47324455624035805,-1.7700505544550609,-0.1979228913619657,-0.5423577394641953,-0.922537806788931,-0.68510221007454,1.8137609615302683,-0.5136642191866299,0.474738352737192,0.321129488601925,-1.6849483980563,1.2542691630526885,-0.9650651310788122,0.57411352036905,1.9465637757504655,0.06705769248697142,1.3280056721646964,-0.6077235137065741,0.12986664174666682,-0.3124118550757105,0.406127753985577,-0.8886280753283238,-1.7303947181422035,0.1269407578535956,0.8278831730575863,-1.2830146712740493,-1.0936522776162108,-0.33269082986819554,0.914642611673713,0.6111365021789786,0.30459552150568847,-0.518556582966439,-1.1720453745096335,-0.5953231766289218,-1.3886519672700446,-0.5249774169972383,0.40120345366366866,0.6823180969582114,-0.27272186024835127,-1.0221768407735567,-0.7333853987122849,-0.5157808677279764,0.24765076178931378,1.2615252751904729,-0.9753153170185526,0.10576960952559603,-0.10871207253711662,0.10384758606829746,0.36559665232317,-0.21118056282105316,0.5759591345704119,-1.8843646628393909,-0.7895597950550699,0.17259176983314836,0.5599469475006024,1.1321043170740692,0.7309372576595715,-0.22830954828913633,-0.5631649624212284,0.8314694276655649,-0.6546979002817024,-0.31318929707483695,0.6707351412421938,1.248676055324938,-0.6156707541047404,0.9137904474004219,0.6619791530139486,0.4356102624870265,-0.03648224948524192,-1.8496288848127629,-0.2148573962438298,1.323172206849214,-0.38521263450807197,0.5956041766881988,-0.06920424441526672,-1.238692083100478,0.35144451104262214,-0.24127553288356857,-0.07485267410396686,-0.3132898470854798,-0.46289944960627744,0.020133644634555883,-1.1277783863399848,0.8801026638964701,2.224732198331674,-0.8494290858231185,-0.03179261889310172,-0.10658995739955571,0.2698994042847714,-0.701454011878888,0.276740832890974,0.09970781581885278,-2.218721413325402,-0.2189188058936561,-0.835352944829028,1.9570323397097806,-0.02574840398687519,-0.8401103135368659,-0.7433264075407755,1.324303601834709,-1.004533337463779,-1.0309506951378489,0.7023970829045733,-0.8009265418918389,0.049749052707473713,-0.891124006151698,-0.2277304682488462,-1.8236687903982893,-2.849807332644488,-1.7844216925979695,1.2147813255813202,-0.8642929639973823,0.3556744320310022,-1.0616606842548226,0.6092789818784065,2.602338949106436,-0.07673257708747945,-0.07283759756088302,2.0723563777077363,-2.112470717657338,-0.7595669341783023,1.3727385495752233,-0.2687823833416542,-1.2536075294919735,-1.1009615408511293,-0.723593008635751,1.19531699034626,0.4684836041859015,-1.5160628898071424,1.8054493285239932,0.5910278797455164,-1.3284854512071136,-0.04763272687640376,-1.4209391064167638,-1.345529496495072,-1.748472135906302,0.13711488808119585,-0.9672685367360054,0.019819325307797165,-0.2550890776506719,-0.9042430215775512,0.35610494590800257,0.15191408947965568,-1.0665565844537308,-0.3668609386375938,-0.49131633488548515,-0.25540749237297355,0.05588840847962355,-0.6649702159419731,0.22033596129135105,-0.30322073532663535,-0.42359999842546053,-0.19262642525903437,0.027465902543640203,1.6253796409913406,-0.5068579843928972,1.5715362824375665,-2.042447015913328,0.8117627420417941,1.8772097794696252,-0.26951278880745394,0.23068831570313522,1.1235308023098516,-0.4072849785920608,1.0665934693867223,-0.08902902933809782,-1.4861835007652622,0.6126098554037227,-0.8548052795172262,0.015090895830482228,0.5341301223096753,-1.1046831243251316,0.017099611403803755,1.006127022247291,-0.7373775415389683,0.18736786349397136,0.3630979613266507,-0.25581925270136574,-0.06033452193314746,0.4383546520737145,0.5726190529777612,-0.2731838292382981,0.3371283984744411,-0.5248558815041341,-0.5324816822838064,0.24674035583680737,0.6122191033719842,0.5303303419788671,0.308536315472881,-1.906868301752123,-0.7146177086914139,-0.26315621654988947,-1.022995630169267,-0.8830682310267061,-0.5950165727554168,-0.024114545601565146,-1.4531103443193623,0.38930526153968087,2.231581491319524,-1.2262734978842376,0.41214227790109775,0.17610334903937871,1.4523130909190465,0.6374284156470581,-1.9290501516901302,0.4313653697374419,1.7997767056337475,1.3243661539606109,0.8362388048471379,-0.5234199860241388,-1.987149238487452,-1.3371899390883872,-0.959751850664436,-0.5741147252976547,0.8386620285679113,-0.9772771754239477,-2.0963596149605914,0.7496398257561211,-0.5582410021523104,-0.0935196635875154,-0.8354021759685938,0.30304510153360886,0.13237879236691724,2.252324216494229,0.2322047845091919,1.1253260040856592,-0.759250694644155,-0.5705649104177144,0.5096308654754682,-0.686461752177503,0.617412511525059,1.5308366040574661,1.7278820432830004,-1.770773693228078,-0.9072687582677516,-0.7923456761872368,-0.23914741895864425,0.6773179435214904,1.538715006221377,0.054030804439731926,0.608629525094068,-3.1287372127059854,-0.8269733186866074,-1.272366376746426,0.10503320196881703,0.26654654386143617,-0.5637333905881519,1.2975775383807073,0.34846578414747587,0.6590020296420154,0.9584959695895893,0.16721412960830717,0.49576750428188615,-0.6702753441698328,-0.9584199868162404,0.29983564163847304,0.5302695144122457,-1.3316208128807796,-0.2626575735130933,-0.8548189502424911,-0.5428979771758272,0.8739342497989788,-0.8316250862966705,-2.836543713405755,-1.5584208790609586,-1.6509764467189088,-0.24291494237748054,-1.1855354960736768,1.392667007524477,1.6605226869565521,0.09691310009285797,-0.8562619589109466,1.2121860722385127,1.4875062597016597,1.3562758127118397,-0.8403138278096679,0.06579018725210796,1.3761511267935682,-0.06989914641918944,1.3896796507728466,0.41408068844281687,-1.177943334998962,-0.7942775850627599,0.576229679010101,-0.18832540008491996,-1.178725256414898,-0.5630870061599719,-0.9806769220884838,0.42029212183163756,1.5121415139911196,-2.29971568299588,-0.3943142020546287,1.1017736709703638,0.3671143360723816,1.2950005767270816,1.4440894810770017,-0.20918518447028048,-0.15946362740501943,1.4348487272389094,0.4618805412122662,-0.2639956218861406,-0.5176710055934598,-1.2736784522351141,-0.0380743730830049,0.6865716432987679,0.10178815022065599,-2.017328963550678,0.7501431627382653,-1.831545115945366,-0.04738643503674574,-0.7689920545736547,-1.4220816042760398,-0.9145244706219153,-0.5269133566854262,1.1283929732556972,0.37620499325804263,-0.052508808515714114,-0.3309846929101488,-0.41476107116054406,0.8958173560397226,-0.31884541598425664,0.03525318081222165,-0.787285365737527,-1.1223826261595529,1.3497304087507174,0.2697424829259673,0.8786385524691648,1.3377601364486291,-0.9400053728926108,-0.3853349274292573,1.183922929187596,-1.4488470724499176,-1.5503513380174136,-2.0454791618036525,-0.3613184413552514,-0.3851747720664598,-0.9589796632597066,-0.6036590850749673,0.5058397467097848,-2.570999551234943,0.7319231993728156,1.0709637900667957,0.1098027257864361,-2.2018286988856266,-0.17884762937662155,-0.10986040286246616,0.08421139255121282,0.801162732823196,1.441195116305904,-0.5108968489241534,-0.5898609176303297,-0.386556419787097,0.42757199384536987,0.5725209763279232,0.082614384948879,0.4115329636218413,-0.22282624878705282,1.732428922527451,0.32066335971235144,-1.0850719248024139,-1.1050235221191849,-0.22129539588888042,-0.4004781537271508,0.529623126135496,0.6740210877407647,-0.13587606847038552,-0.7385738530096005,0.541603237616198,-0.006040387131012348,-1.1172617838599987,-1.4058630280657667,0.6025159445215523,-0.2509408058478464,-0.6902950467751722,1.20637903577889,-0.9286501291341411,0.5790335734306366,-0.6814556412915173,0.798108335855134,-0.16514510966175316,0.007242436839754079,-0.021958624320263173,0.35165935510957175,2.585914962943032,-1.4235459392388599,0.4525362221414684,-1.2419115900333868,-0.09359968835244445,-0.24395139655920095,-0.37635280431168,0.44432370417684797,-1.6748121636278575,0.66647316295308,0.12042030958437044,-0.8576011561157154,-0.010587142941206556,-1.0572251912023334,0.7005537310538327,1.4852830854954377,-0.7685625095600742,0.9662861100625452,0.4627469162938339,-0.13119429907141258,0.41933027045552607,1.6948615630855253,0.9619924238554256,-0.6019917889334427,1.314553041444684,-0.3316669965929799,-0.2826112125722221,-0.26017678180441905,-0.17693168319970087,-0.9758682382961339,0.21118238917599094,0.2718933200899522,-0.6157860022132311,0.777697412175468,0.6911079506997696,-0.9773415140051311,0.7619206780623952,0.22579087780112228,-0.5697963769800962,1.0164958138397076,1.241935237108298,0.740763006071273,-1.034016510547448,-0.3916247197279664,0.983891263703595,-0.2845767576877823,-0.592799276477148,0.7422870014436165,-0.23113729807318575,0.6261095868962103,0.28286043396201704,-1.1211194102920197,2.017540453550862,1.598564652891477,0.4875805106590983,0.7717363422158525,-1.9474005885880126,-0.5149739363959824,1.3596414444701945,0.9385409129842807,1.2692951232232248,-0.3396831766919746,0.41538607239445474,1.080307625377007,0.3658916918203009,0.1135082794852825,-0.33485679676202146,-0.2873537132522012,0.9217176983535286,0.26533646383186926,1.5678035175538674,0.11400552255825891,-0.5600782657003384,0.432382646809708,1.180137440595054,0.7336887698353717,0.0037182995619678754,-1.2002790846866194,-1.7419806333869885,-0.323763061252853,1.1006108144043474,0.7858611586467019,-0.3844146759188454,0.6503717240571059,-0.4220969801323426,0.11991213989818614,-0.1526820377030557,0.7350156921124387,-0.1653279212836649,-0.00787643032604301,-0.3024348823152719,-0.5909176170072031,0.6556888614556672,0.6177174588408705,1.145105099048847,-0.6087445128590226,0.04848233817846015,-0.33008918502610834,-0.07071784840443894,1.003477898811764,0.5985338672682131,0.3908065836346075,0.36759858626174235,-0.606716460929554,0.07186566960329367,1.6272360592764743,-1.702230314904529,0.761042947901723,1.1760005195290155,-0.15808738842241132,-0.48716401478345217,0.6418098072781856,-0.7295458141989603,-0.9539222655210653,0.9888683564393786,0.9055536128233403,-1.7888083506021792,-0.8071108757717878,-1.0100596485721136,0.08038463877839168,1.449802509175804,0.8837726038194142,-0.17740154508529946,0.5961600477603821,0.28441285307352604,0.1372878379375619,0.29068669455978124,-0.2439313290906057,0.3138454555354746,-0.9318848335565607,-0.8182063216623217,0.12356803442934662,1.427453616074166,0.8776750136346336,-0.08559141125699299,1.486846988438507,0.5046586938911976,1.6471353285147807,-1.3168552511116145,0.35880297157657787,-0.6887974559661211,-0.07815028669450552,-0.8412741122104394,-0.8207618207081858,0.6300248234456053,0.3482395294833587,1.714987557333815,0.03714849810949014,-1.7149502895196627,-0.32928739149003067,1.742366915118268,0.6244297159636673,-1.3144743343600152,0.40853361814882394,0.6531925680031159,0.7070698353451231,0.8476151813757998,0.3785120248952172,1.4767189852638252,0.11599796535831418,1.0538900455285976,-0.30779642715898153,0.07991871404369366,0.38205900989560954,-0.46082617928910924,-0.9792401417061425,0.800282406225296,0.23665327808338008,0.006998002614446757,-0.7955021279273758,-0.5920828665177348,0.030902980381397847,0.2652413435873121,0.15096511084409367,0.7394737827483575,-0.6439054784596795,0.3715988705017521,0.42387194529048594,1.647934711745869,0.8159179538477411,1.471130888491933,-1.202368469943121,0.46056646574449206,-0.9075039294133882,0.16386252271975213,1.0355618709898071,-0.03138936284833133,-0.6674047743235056,1.3865558815171877,-0.46627887604486984,0.16024852893116567,0.8008606639306523,-0.06235322660903777,-0.26390595165508324,-0.8949347192906507,-0.4518589025630255,-0.7159605780408977,1.7375853358798863,0.2989512402973142,-0.3459945961811674,0.8045977070401581,0.14449504095040241,0.32352067078394786,1.3951521298476757,0.39668034701199156,-0.6486551412911558,0.08399693126949734,0.5645320856573739,0.043879217264438615,-0.8745384879895002,-0.28957377490479264,0.5892272569446688,-0.40158695061287936,0.0965667419993891,2.453076982765747,-0.44078590265078116,-0.052092430436280444,-0.5982766503723951,-0.8213397443836129,0.5471669660842532,1.334733752093269,1.5530742084132014,0.09478732426911134,1.3711688317819044,-0.4991642309770326,0.3851811242264307,0.3023758599025456,-1.9493777400822736,0.13131543107912652,-0.12184868371106114,-1.7469985169140898,1.7116161588233383,-1.3602427951301896,-0.34919023512467334,-0.17645771255589557,-0.6555704468663561,1.03872318573729,-0.5890026249780009,-0.809112146364894,1.3313962204800778,1.6228690934189651,1.9798097491255389,1.8623051381478228,-0.5947440916028319,0.13289285274198445,-0.6548779811513339,0.19717898929111813,-1.2677799056170702,-0.20186999207694506,-0.15314678837714146,0.7030818347389322,-0.049994702466222216,0.14696831737820495,1.0307213382616207,-0.2770906937732225,-0.7195538043445396,-0.10305862935926723,0.5639521901007594,0.6756402295493807,-0.48414701669633864,0.5782487717782172,-0.20150137899877618,1.0126506332548482,0.5807824083776105,0.5640251655578243,-1.454793776270119,0.15142774480620863,0.7289004467834885,0.83410260472879,-1.6297705841983452,-0.634283271944781,-1.726555714205519,0.42635356590541823,0.015765944205348863,0.4754883478646806,-1.6735727330041592,0.4943829184569703,-0.15762811100775082,-0.8189492818017701,-1.2305940581433203,-0.38943007706765426,-0.6328109295274884,0.9127011796342341,0.5376859790180437,-0.7843236059234094,1.2601811471799993,-0.6727101229529127,0.8347493559260101,-0.9199305895654846,-1.0198367167261502,-0.2709125626008052,-0.5777108734399073,-0.9328756634220092,0.5022864601491368,0.054623213934788056,-2.180145231204246,1.502076733844078,-0.27266565116893665,-0.06829918099168754,0.09884296696430699,0.07294698291606794,-0.2906542096600801,-1.5176303985833277,-0.9820947428613499,0.5642045038525596,0.7766092785114181,-1.1790954022082263,-0.17144347964160564,0.6552276544603054,-0.913845896819375,-2.700688187005702,0.19276022735736778,-0.15831997914410648,1.0445551559036017,0.040790482114294674,0.3889519442715242,-0.4930747980256513,-0.4858007931072622,0.47407169050001713,-1.0520757935563705,0.24340388231298066,-0.8005452522648023,-0.8420700346011193,0.15030857173939102,0.8711855831707342,-0.07423160223303878,2.429082403048652,0.7569853097664802,0.1135350593191985,0.3947481462030599,0.1333755936033936,2.4633927167405365,-1.1637148169075588,-0.14210072272369711,1.052810901075331,2.007453347958628,0.431542872131244,0.7151928345018537,-0.9485110448703472,0.9418665245029008,2.6436445794960988,-0.8922430965891618,-1.303503246228341,0.6252807730704704,-0.39896146736293014,-0.04313317771751224,-0.8521265242905934,-0.31773336965341975,1.8192510373359239,0.136230927051448,-1.078636254523573,-0.7435520476353535,0.6454396132404594,-0.1758674674674741,-0.3496569617796854,-0.7374893046157376,0.16245616158740128,0.48250944113927174,-0.2671602242195748,-0.4734424594537696,-0.10403454905216304,0.8558156268682219,1.6470047363555094,-0.2647804137187223,1.106031364313395,-0.28051071448630593,-1.3621541164902933,1.6911738344307772,1.9299725731712798,-2.036504344456246,-0.37420319827042164,0.6908242590137949,-0.3853348618340513,-1.618313874211825,-0.38536564981039556,-0.6599805256778236,-0.7330613234667032,1.0178360054267803,-1.41985924600825,-0.4414128545508263,-0.474738194683958,-0.47240595470475094,0.1746424287586507,0.15295250625204995,-1.4492702807990878,-1.4096111684813388,0.16991900932507115,1.001750155659177,-0.002621963490354516,-0.4058179001918219,0.2861324233989137,0.32296076705775567,-1.2678276728408093,-0.5133148886372227,0.6134766149381229,-1.6537955111299492,2.012397071436627,0.32019832783446545,-0.3118904015203761,1.51228697919542,-1.0916679576064792,-0.5527698521610263,1.1799803864914584,0.1817041898360011,-0.8277360427404835,1.8485280197543092,-1.137515124066479,0.7371093168143129,-0.18504364029024936,1.0406688913350315,-0.7801593446624563,-1.291495441853056,-0.36987402912081146,-0.9012621923439375,1.0967028535432537,1.1760904658394504,-1.045119428282253,1.448828604140748,-0.4804551261181295,-0.771810124915835,-2.7488866937410776,-0.5247094011304727,0.6977059567041108,-1.0428776386010086,-1.1557688904334604,0.5009084430723217,0.5425898543990091,0.747711276338942,-1.9855564818716112,0.5817604417733199,0.28221797165183304,1.3119109178255897,-0.9365376934090562,1.4885911770254239,0.8836160013825184,0.7091776230137193,0.7627844603492002,-0.8870136731421654,0.34168817452085876,0.36595671978001004,-1.3605841562992793,1.8919830410040572,-0.19911597744616916,0.3431458723245571,-0.9249491776554011,0.6848414380308423,2.250698653920503,-2.9362766441111794,-0.5438802475483011,0.25597211893688027,0.4269526569189357,-0.06378567770516089,-0.9024214347202333,-0.16433940499717026,0.25064511807335244,1.200092237627321,-0.28735784385306007,0.30559563264081385,0.6377578951831917,-0.7403002263957782,-0.4677844895758939,0.3925919388308862,0.3336206444469272,0.8539553582448076,-1.4754594393599438,-0.6385271983360117,0.14341818160109782,0.2560706373406852,-1.294165648793999,0.1838389769070401,0.3667230113287629,-0.5605452339763782,0.06694177246514213,1.1875603438916447,1.23553642102041,0.8134794514365029,-0.29641727691959946,-0.11247677658559474,0.5939896983486501,-0.4963438856950707,0.2305382886951529,-0.5167388798159074,0.9321924334057818,-0.3337297733806267,0.6733767340458612,-1.3324441761746633,0.6950543221193926,-1.052520758099805,-1.1364865871127157,1.3336993216827304,-1.444616311828733,0.029250715950519222,0.3186520427181221,0.33666989545520637,-0.2525711648941498,-0.538355336591452,0.7812622047091826,0.3165195382324988,-0.2945121927759425,-0.3545151712119591,-0.12506577546832115,-1.1403380389684785,0.4187963030093476,1.9899483038971142,0.9976340757049446,2.1531774821707894,0.14813698543460302,-0.09817384337139133,-0.3873818074232534,0.7253671070248693,-0.3820057114042338,0.040039761756476396,0.9441266676116502,-1.6171659889058503,0.39773670391821286,-0.21349767183240492,0.8944877594304628,-0.7818673034889161,-1.7392110923691866,-0.4048213155198694,0.06859526415690251,-0.7813039336582641,0.13083735543704997,-0.7982280674843768,-0.5946580184590502,-0.0846438468757348,0.27708750171912017,0.809160767226327,-0.1471219644790274,1.142680499214554,0.7689909799974601,-0.018204304322386226,0.8273301707543761,-1.2274779103336826,0.8541863394632033,1.7858643818107005,-0.3122067631459587,-0.4712477491182912,-1.0987752063674692,0.2438903209894534,-0.012095963416067794,-0.2841461826042639,1.0754358880059458,1.8027880862499757,-0.8082298914608284,-0.6266788701005432,-1.0734264310194117,-1.1009493131738652,0.9777879578046554,0.5008976822022869,0.8337439189956477,1.9173136847583303,0.034674230381101165,-0.4606851027527703,-0.4080161418188545,1.8997052127862084,-0.04128325754569773,-1.541624356649705,-0.7517498599276257,0.8625464551159726,-0.8371193945521024,-0.21550474435639216,-0.8351750885191714,0.241975964753279,-1.1052720288776703,0.3899525483735548,-0.09919315326536925,1.3963595591780948,0.41619092274508207,-1.1247738550464053,-0.7564892223417058,-0.28265274945825475,1.1012793417501352,2.341107956815865,1.4269540255000055,-0.04859004200774245
-1.431027027020765,0.7977571733886328,0.7601559574269542,-1.2662760815216008,-1.285349816316892,0.7763445769931863,0.29876760145008824,0.07427258067417501,0.23090936001102216,2.784313718294304,-1.3514283962989144,0.41746909934798987,0.6492371513553953,-0.30556000185394905,0.07226879658843598,0.624532019832585,0.6942168437061917,-0.46379466535109803,-0.23252297204066466,-1.6510266315904,0.09162266356314609,-0.3799091891759885,-0.14872041978425707,0.5510647846804668,-0.3907790760299281,-0.8779909264523138,-0.0713207691562864,-1.023600659325481,0.9321639929911583,-1.3182457473753468,0.9066331302548967,-1.0985876614394117,-0.920177249994856,-1.4065864869356894,0.737216732617595,0.9939566863757251,1.3232271180031567,0.17509370380053613,0.9061380487642055,0.655589411535861,0.044082451351315555,1.000620482446906,-1.1615744372855878,0.1983313628271685,-0.5882337145535711,-0.7760834180503715,-0.55023350074747,0.30439331614136117,-1.997586276006518,0.7565978771048881,0.6176771507445736,0.7195582043948539,0.4069987481888944,1.1865303907536462,-1.76503481500175,0.9164661222513062,-1.3059582737291582,-0.8760922061473834,1.3975664822158274,0.8960193060819874,-1.384390593091046,0.8609504780526399,0.24979316588683595,-1.330166388761224,-0.027455264667776258,-0.21939195416537505,0.1365476638495666,0.8690889199053377,0.34884660962290265,-1.3049643599928606,-0.5944883446193583,0.0695363641603966,-0.5414555601522469,0.28549539311941063,1.555981543287794,-0.5384764491911015,0.5835933841562684,-1.7492596893188066,1.2968040243166084,-1.8476349758653712,-0.2131936229142315,-0.5230890077903482,-0.1482267475382716,1.2771298474225485,1.8043567667494766,-0.44371397666969253,-2.3708526336145384,-1.2411079390753403,0.6500695318830618,0.9722584246054142,1.0262865215411832,0.8290967760207602,-1.2164101080841077,0.6311994065215897,0.5547658834848533,0.41981897210708774,1.175174200317296,1.0184274525846406,-1.0238535894905032,-1.6640453954881187,-0.29176405041598835,-0.255285172735936,0.6464558713529944,0.07455038385049516,-0.27703476821643813,-1.5322578903415485,0.9728784485640101,-0.8882952109792155,0.5738812828130772,-0.819937089957871,-0.7425665551812531,-0.6880041406668508,0.9516038514674102,0.41920556360669686,-0.8385916656078282,0.6991136532931028,-1.0972460151708623,-0.6143101095993597,1.5322128783331763,-1.8056336151059307,-1.6817028812014487,-0.8761654371154963,1.0227607511728485,-0.8928506372081428,0.19625809309323006,-0.17198946089704714,0.2973177879199095,0.0002297049361317996,0.9296786822266575,-0.3118199555471832,-0.28631796969444673,-0.5684715588219822,-0.8097350820014315,-1.2270965041134365,-1.4489538481315405,0.9326812263864566,-0.2849956176141504,-1.2523273696106632,0.00438717679335853,-0.6461951107179119,-0.0012803953766716734,-1.0030015617249672,0.27627225836513686,1.5326096594816232,-1.1393834601630806,-1.0639873232046038,-2.409712675544708,0.8730128910961668,-0.05676381018312857,-0.22268145630758235,0.8958804837498875,-0.5530902330705475,0.7956094688115681,-1.0359161314713667,-0.23048079573172936,0.12487872252215292,1.1234438552442028,-0.6474631232613365,0.7672775299200019,0.6289696339807002,0.5094507771393219,0.04554639998547395,0.4682456238353795,-0.930916744216241,-0.12931734548117335,0.13241580724355734,0.9951616692781766,0.1872205620093857,-1.846126642049155,0.2695588652916638,0.4280545031118028,0.7942994140617216,-1.2487181395400806,-1.3033355275990444,-0.698032347015582,-1.370230124941044,0.8499359910768124,-2.3917510693248585,0.7519064770005877,0.7374380281837846,0.08321579453191981,-0.6528495752676206,0.2376751366384007,1.0030133785043391,-0.581705017683005,0.34071636483055695,-0.2045506430791076,0.39057994324495876,0.539429355721997,0.3314623377451128,1.287115187721514,0.3364660365568424,-0.8706150951934364,0.8366847702323997,0.1678644772743584,0.9852163907685548,0.27792460999468266,1.2422461835649707,0.22372191966907048,0.3915997512125657,1.6136745461341784,-2.1029650075278266,1.879866663218586,0.1397247612135193,-0.724986981081864,1.0058525162506833,1.2783079558629855,-1.5888262307266603,0.7370476086713091,-1.2996447645098674,1.773725892826058,0.6303997260379058,-0.9962681656108198,-0.15919777041891717,1.1514558835379864,1.1391533527367572,0.7440305347657603,2.310693081757624,-0.2366529031552048,1.6822230083795444,1.0070697084399491,-0.8121757679232279,0.32488236297899015,1.576002049979544,-0.7309714646941922,-1.9611764602922002,-0.5285467334790871,-0.4850377491945887,0.027574055066251147,0.6437640520718158,-0.03739383080695408,-1.0896822853849553,-1.3731111093277737,-0.40564168269588574,-0.3066977813106828,0.19058025390038125,-1.3831358555407038,0.5071285941929831,-0.43662515895899595,0.5889817902903716,-1.339996390292694,-0.10713507492794948,0.4787713326884191,0.20353866062788825,0.6261143921606734,-1.657618502990742,0.9313856892485294,-0.2959711308464547,-0.6409011287149041,-0.6249828084350059,0.7774406547104158,-0.6658469483969051,-0.4968886299499151,-0.30613584887650014,-0.6076169286373918,0.7719314022374231,0.5414678934052207,0.23418548915986886,2.0726804303785795,1.8389600171012408,2.2580967712227444,0.8641043073286147,0.4081679244899285,-0.97324309903099,1.0738924658441273,-2.152426277536028,-1.4474643579758495,0.06462017545943406,0.30088909644169365,0.49302128744339757,0.15152036831308432,-0.165680406162595,-0.8022061006473461,0.645168071924074,1.1393981048772641,-1.0877658174916711,0.4460860582725683,-2.458947227493922,-1.192929860254408,-0.1658231623308602,-0.9204186632370114,-1.4091512174849152,-0.1831455571375408,-0.26370261070182194,1.017547996742868,-0.9732693604184263,0.976449471825428,0.5840502689961836,-0.5054297676316732,-1.7080130671391691,-0.8157695764273268,-0.19554092556288083,1.6523397935346502,1.4566260610548716,-1.5298841873343971,0.8106273625641646,-0.6715508764499931,0.8404461361083586,-0.10962446376698565,-1.1824685007979008,-0.8213764769006972,-1.4404621158269855,0.07031023814224857,-1.2390428303045904,-1.3775003608901948,1.892750056045553,1.3838591863399963,0.48231285784095107,0.862009006978448,0.11571982204545608,-0.803974931816323,1.595135654492391,0.29099702313607423,-0.8010141950060806,0.2342180973361297,-0.5465896363354793,-0.7474217193658694,0.6958671105779597,-0.4988452688756169,-0.07072372990086818,1.5727726741392531,-0.3567935884462364,0.7451868221784143,-0.17174650863145824,-0.11396231465963576,-1.3232641249872683,-1.075767131879587,-0.7892382341254667,-0.06525851485592139,-0.4361881451043613,0.06252379225817209,0.7009652038964757,0.2827522354097477,0.021099826968725702,-1.255637773224983,0.9664746375811684,-0.22156856160502383,-2.312276624672021,0.6605955598225982,0.2911294545401115,-0.18474588716664506,-0.8962754973597236,0.30540114453670253,-0.9960262098287691,0.0020407807210956826,-0.6112364854614568,-0.5757906933861537,-1.0637130866611482,-1.0313164473007905,0.5082142961032484,-0.17074033004219624,0.36755418000937895,-1.1985496093695878,0.030661921781834488,-0.31980918542955317,-1.6235570294355146,-1.419532857151372,0.2650253409457273,-0.9794942026153153,-0.12360758454489855,0.6320142812614524,-1.177502553673867,1.0479816155947645,-1.5978168780246673,-1.8447550313074659,2.145885721072789,-0.21546927099099095,2.307165733190073,-0.37646360140772706,-0.4682321156074458,-0.034753856202477805,-0.047377786291783346,-0.9111459294772151,-0.5151099773621786,-0.7142939685968311,-1.0482593314507749,2.2515240102052583,0.2933866797904456,0.7822893182781019,-0.047607789899203785,-1.0915421624874775,-0.013777877191220013,1.1660459925355375,-0.9511801793617012,-0.46273751756394993,-0.8195547515916097,-1.5123612923330036,-0.9508821214940921,-0.32580247339520046,2.020131423253635,-0.9005358417099025,-0.18764930988403172,1.4274111487900796,1.1279161506774673,2.1353193375095163,0.8346435983286423,0.8607848206620662,1.043110787567047,-1.1433842598477095,-0.49164249302367896,-0.38355063191600697,-1.182392752151096,-1.6203381271988393,0.045644609199612086,0.8749291780788977,-0.500677942968917,-1.091814142861155,0.4775201179391143,-1.5203679775567793,2.330331600023926,-1.9120786382118447,-1.0915158154202655,-0.13667000551243857,-0.7250136582137423,-1.4165525198473756,1.2484052777427923,0.29857647094358253,0.27578752796596884,-0.39174751187522555,1.917292668102591,-0.3046796861595721,1.9599309897324475,-0.307345899474326,-0.10376513180518634,0.46317432408211007,-2.186235709194015,-0.2641128380476639,-0.08517930597603196,0.4720366567517129,-0.5118667666521862,-0.3532471344587991,-0.6519227566850186,-1.9755935494695476,2.0281239950291097,0.6005101895996078,-1.5214001443662355,0.46287939929941624,-3.0086151982514115,1.9366051709696448,-0.29046055848730346,-0.15494886386369505,1.1985208385325261,0.9349852264195159,-0.21052272988329798,-1.7845428069732394,1.093411069161298,-0.04783901978636241,-0.15904421561252582,0.3724672446504971,1.7184004637015848,0.6115442256417444,-0.6971487887705584,-1.2177964459791517,1.079838661783677,-0.3712271830584,0.8294688736307768,-1.0189183399073216,-0.21886440568883128,-1.5423956464462343,-0.9292377147118691,0.8269333305118076,0.6868510917411165,0.5241533027071004,-0.6707813583532031,1.7636192433713958,-0.8623512501774362,-0.42739864389385535,0.7499243434260212,-0.04279478619692106,0.3383319732127471,-1.5533084148632919,0.5241754374090098,0.8691557635311395,-1.0463142791383315,0.42846248526622527,-1.3845750569723079,0.9881993440872698,-0.2953992141273711,2.3027585388443583,0.3515966327777409,-1.7871297083251518,-0.7751317018309766,0.9689438532396357,-0.9027331455621613,0.3830480518398677,0.058952166679130315,-0.027080109542258483,-0.08116409696462047,0.47275981032271963,1.5698837957482017,-0.05553111334934421,0.6587535940847787,-0.08014106693085737,-1.1366570316811093,-0.027543310295749246,-0.7836925038160267,-1.469251902059505,-0.4395467696177233,-0.3528282317360801,0.3527357011272658,-0.32850330855075255,-0.14512357288355732,-0.4659289121430634,-1.1264320326670325,-0.9269998366604882,0.15161132667529453,-1.3019584529069637,0.15278532512210516,0.8176003015700859,1.0441369044833095,-1.704131826617947,0.7599659333138716,-1.3790050509123286,0.4487631630785066,0.5142850653529467,-0.33311982091010905,0.3008924890033977,-0.3746046819804047,-0.499908799261353,-0.03529423584505272,-0.4594517370625587,-0.7903367721614606,1.8259384070754094,0.46916421462657376,1.9670644442332408,0.7161203238534021,-0.07169866787993102,-0.7788777495110197,-0.13871754158238386,0.7682669831386308,-1.0042248331353725,0.43793178961374524,-0.06225980763437449,-1.2430014773750937,0.5430936460153385,-0.06996817493900355,0.1920407396172733,0.4499714919430121,0.27467774183069266,-1.0182101665827967,-0.2270062431331572,0.20504071818321548,-0.24501538579806686,1.9401234564084782,0.38800874490680154,0.2720350079355405,-0.5324992517492726,1.3224311368452466,0.08251320220120205,0.04268920240920109,-1.1751481742213186,2.232665638587391,-1.6695664760454811,-0.18347227957917542,0.6991169327393193,0.831842328110935,-1.2894242741130497,-0.21357924459673933,-0.13675415523314344,2.9194821228146055,-0.06164209738528663,-1.0566792540742012,-1.309894336567696,0.9907850778226788,-0.1310619381805117,-0.16373565138486468,-1.560723641660513,-0.6089985453102323,-0.31561960016397345,0.38854725679117336,1.4399952356367072,0.10914963466772158,0.336748264942232,0.41448683521596136,-1.7018440795752618,1.0350524080690948,-0.14784067723568123,0.6052149391535541,-1.0765326698176056,1.6857529480247484,1.5767776391036905,-1.0094643755568535,-0.38603507704969997,-0.1881441896218145,-1.045039456965871,0.4271950098968084,0.29213628586425144,1.8802102017922468,-0.34736293843534205,-0.7456696430221549,0.45731989033598275,0.92790571784741,0.2760914351425491,-0.3499075380043455,0.029183096396651856,-0.05756407341827489,0.6211539622561357,1.6876595638554637,0.8703946075200658,-1.161451566119831,-0.7638707539045732,-0.36454458804930145,-0.09981868384535597,0.5993208144890224,0.8044541015845098,-0.4446329229374,0.7520186439280666,-0.9341918488150823,-1.8182910581298546,1.140730770552145,1.5875613512506677,0.8117697516240242,-0.14110319050741207,-0.0918031574229687,0.7650336428626611,-0.3845045023630063,-0.4365892800402241,0.5987915001664009,-0.9378187004731711,0.7882203458902721,-0.6513080072228169,-0.2792045595900141,-0.6449311789441916,0.5555702840652307,0.2575059361879529,-0.9497915377939758,1.5339964184426256,-0.1612094451764676,-0.13307602804468385,-0.7222404289720495,0.5414041355637144,-1.2499810102952527,-0.24506275571511987,-0.6801045876399014,-2.2214543013246737,2.1277604613961367,0.7694095519974425,-0.8892828392211914,-0.7033840162650169,-0.011188779807593164,0.7763026973604793,1.1176681876661474,-0.24295044824702783,0.2299731642924519,-0.3095102797074718,-0.47925172359237417,-0.8097216199788425,0.6317753820802063,-0.8288988046472907,0.5689398016600449,0.1376923926876915,-0.37935974835609126,2.827241741189258,0.5806792648564563,0.6404176259039149,0.9723650810267005,0.013152719369972745,1.1336528053001458,-0.05922656027386583,0.4082866486739287,1.3927643200833413,0.2596214661509072,0.15766173250577872,2.0258544761234045,1.2776417656905465,1.5602457460848433,0.005707121399960842,-0.20427729958857566,-1.7228040536710778,-0.1882718412901644,-0.39389856690334,-2.2449424736407115,0.676645439191547,0.028908992678559606,0.32703777720014043,-0.6174656681772552,-0.5352624205973497,1.802112852578297,1.9701680822665828,0.0316191590417691,-0.8113211045583534,-0.8520613315640931,-0.17810890257223536,0.4576015178130191,-0.9575844152855167,0.40161879522905347,-0.43476552149246894,-0.931515067640812,-0.6269347668159634,-1.6980268994792913,0.2789015529118156,-1.049910363101275,1.1118665691066154,-1.9318216196080167,-3.121464689407406,-1.141203716250425,-0.48795840157759646,2.0635600818262474,1.086557858863091,-1.4358673604478982,-0.4387370651941926,2.189219331696928,0.7795386484120357,-0.949857762349999,-0.2907879928252022,-0.3942645599648081,-0.3002445307387834,1.4499136721478605,-0.7104263791717181,-0.25353289790782374,-0.9768556411994899,0.2966621317393689,-1.5396920375823475,-2.7326986097552823,0.2160212355140135,-0.26311025429206236,-1.050648356443647,1.5742778715683672,0.16463862527277162,-1.4568875914833543,-1.3382309368412377,2.127723892424784,0.730618277224928,0.22841167070914395,0.5774425279544116,-0.037155191973223964,0.7158646380204342,-0.26285858877480434,1.5487020797167779,-1.932862772102711,-0.2991461443891299,-0.03915154896512056,0.3868357017736109,0.7648254622408123,-0.43661715702432125,-0.6931348841016844,-0.7249618367015014,2.241773378751403,1.2127592336863653,-1.6158656644678129,-0.5544704678610678,0.024260444892790174,2.201566195139262,-0.09529234359163584,1.2044790743578615,-1.508560910712472,-0.13110233331865034,-1.0798956781285822,-0.4234198918482112,-0.4950886080833758,1.8878890777580255,-0.29725771297197845,-0.606456981857039,-0.17034497087114875,0.448621676976234,1.7966472324887046,0.6209029093951068,-0.9189529724890556,0.23454543070012485,0.8386110805497928,0.2541001466147386,-0.8323892155292042,-2.2251863256364968,-1.5586869277886601,0.6011624476310582,-1.5373341234893516,-0.9689565209479368,1.2184815677322658,0.9772486215856792,0.15068410589591444,-0.6473550953066369,0.030933500205486915,0.8093492986014942,-0.3100370302897341,0.45534881915455516,-1.1607576144253584,-0.2605305826735237,1.0533876112703222,1.146995185504449,-0.7929763149109107,0.20456738250934142,0.26439602373348925,-0.5637550380208366,-0.5846439002436941,0.8662975606757585,0.20531155219182978,0.7685647392715685,-0.08644081396278756,-1.177797969344428,-1.4657440752252078,-0.8818286145364013,-0.8677269724032465,-1.393511903028734,-2.1159047842851324,-0.8631567049211746,0.5269027356730697,-0.31674916961142396,-0.3521599382801401,-0.46245626165048315,-2.0218859745058104,-2.299930724042542,-0.9158229262014761,-1.953029601631193,-1.635805044927539,-1.0695791707758326,-0.7410897719856452,0.19972081059197802,0.02742013934458725,0.21062689154974118,-0.26862178082509897,0.695149409231176,0.6627935292960064,0.21195767777657137,-0.8361363760404685,0.628203837541903,0.20962188623673658,0.7065713065053847,-0.4563707690791835,0.24192437639397804,-1.634032779342786,-1.0307259287734165,2.585819596700067,2.201517025575568,-0.8376739435919115,0.7248749359379905,-0.4915588172714814,2.7907256361778607,-1.1044202379431631,2.3554099248500444,-0.05217992429638724,-0.05508913508179546,-0.4388874096636525,0.18297488346146637,-1.3424078691494459,-0.6417354323394852,-0.6877195268882978,0.9826530932122494,1.4890090861068785,0.3973161159002914,0.4407893849618797,-1.37553631444855,2.217049717173958,0.06023706090505524,2.1931307321360736,-1.1468287153341832,-1.8075036833216491,0.6110334173121273,0.8247330712512073,-1.2856981106557703,-0.8913178943428735,-0.5575427175475797,0.05391855196246097,-2.9237836712904723,-0.03264732211692578,0.9814654892291178,0.4921232082948052,-1.4552556422028022,1.8245531072561287,0.5281872157331002,-0.34097123350899383,-0.4973118935581059,-0.220824765112751,-0.051841726148370224,-1.3714451851918004,-0.3832775577987372,0.5594268648683153,0.8314756236253826,1.0736835315547881,-2.5069259976913574,0.25546931444087395,-0.33726891281620913,-0.4224601209359251,-0.17692293214316038,-0.18518168124486364,0.7329866840456911,1.7431254330740225,-0.21731148215163465,1.1552848739247914,-2.394018005332607,1.0098243756262213,-0.5730288275196114,1.2286796414472474,0.6468714059324326,-0.7632814204819177,-0.11922448463656847,-0.5111721305869834,-0.15449027423820597,0.8977487231282032,-0.6133542386500408,-0.0995065235465632,-0.22267108452663445,-1.7390289793220022,-0.3017565023183546,-0.2076675802047387,1.2815698343200823,-0.308078831763208,0.6165815494619662,-0.07101418078164513,-1.3629046505096591,1.459851822122702,0.6124961485180572,-1.3103277648954648,-0.5411238081750298,-0.7846433942612459,-0.7934447250391838,0.8955738613430814,0.857195237811108,-1.3925878585520053,0.00787000407551859,-0.5704568244069846,0.03356541877673952,0.04786334877488102,0.8398256985369896,1.933551787162744,-0.0805199474858397,0.48670051828636135,-1.6689369501589082,-0.5845159611633688,-0.3639550018262758,-0.24487874044627977,-1.1841548184395787,0.35317652580676523,-0.442244571744993,0.0407669246627206,-0.8905450605132723,-0.020853434809141504,0.6173686287337403,0.4891008760168267,0.6623809891143473,-0.34362952237498123,0.6793113701791311,2.0957503731512714,-1.5309697195394416,-0.2784030347610128,0.07181306147459106,0.9258097725782282,-1.5388086775516514,-1.5242392860717815,-0.6351350974376895,-0.7437622444321516,0.2806775597966429,0.34456033320142526,-1.0835543772622969,-0.8843415034558841,-0.9408605861142172,0.3876268814118752,-0.522417326811501,-1.1897155577747351,-0.9635887229701944,-1.033355817097845,-0.8835720871750905,0.12646655899814185,-1.618585232338417,-0.811148249711343,1.1465600092814618,2.320146654696115,-0.15360536452398624,-0.049082464918015996,1.3739279311048467,1.079410058893196,0.37060987355427993,1.3953891300758596,-0.3302403988472116,-2.2525987491245165,0.7126888797702632,0.25314883662875115,0.19264372824347936,0.3320507084099566,-0.21933591918416165,-0.21570989690448975,-0.1345544305468509,0.4762305026997027,1.037064087814279,-0.5935855380057815,-0.2494972201479091,0.4878807422330297,-0.5965629757084984,-0.9430391296145973,-0.7899020602876744,0.21831939538675021,0.7641311614772143,-0.0935717219125964,-0.040822188810878006,-0.3600812325451361,0.37617778362373183,-0.20647639384865177,1.0338119413615179,1.1388461087991624,-1.0577385480412036,0.8463863114604965,-0.020734677332725215,1.012708906969948,0.929111686357502,-0.8470011684674401,-1.260718107650755,0.269841556772369,0.7281799524950687,2.632676953204467,-0.32630992064329933,-0.4001999828816528
